Date;Precipitaion;MaxTemp;MinTemp;Evaporation;AvgTemp;AvgHumidity;SolarNoonAngle
40179;45.4;17.7;14.7;0.3;16.16;;-0.344032222
40180;9.4;25.7;14.5;0.2;18.44;;-0.27159584
40181;0;24.3;12.9;2;;;-0.192346998
40182;0;25.3;14.3;2.5;19.64;;-0.106309146
40183;2.4;24.7;15.1;1;18.96;;-0.013507744
40184;4.7;24.7;15.1;1.5;19;;0.086029746
40185;8;24.7;15.3;1.3;18.72;;0.192273869
40186;9.8;25.1;15.7;1.2;19.56;;0.305193186
40187;0;26.1;15.1;2;20;;0.424754283
40188;0;27.4;15.9;2.5;;;0.550921779
40189;0;26.4;15.3;5.2;;;0.683658339
40190;0;26.8;15.5;2.3;;;0.822924685
40191;0;26.8;14.9;2.7;19.7;;0.968679606
40192;8.8;24.1;14.7;1.7;18.64;;1.120879969
40193;26.3;21.5;14.1;1.1;17.2;;1.279480737
40194;0.3;24.5;14.3;0.8;18.6;;1.444434977
40195;5.3;22.9;15.1;1.7;18.16;;1.615693877
40196;1.1;24.7;15.3;1.5;18.96;;1.793206758
40197;15.1;24.5;14.3;1.5;18.32;;1.976921091
40198;1.8;25.7;14.7;2;19.08;;2.166782512
40199;0.3;22.9;15.3;2;17.64;;2.362734839
40200;5;20.7;13.7;1;16.52;;2.564720085
40201;1.8;20.9;14.1;1.3;16.92;;2.772678481
40202;5.8;21.9;14.3;0.9;;;2.986548487
40203;5.8;21.9;13.3;0.8;17.36;;3.206266816
40204;0.2;23.5;13.9;1.2;17.24;;3.431768451
40205;17;21.7;13.9;0.8;17.4;;3.662986661
40206;0;24.7;14.3;1.4;18.96;;3.899853025
40207;7.3;21.5;15.1;1.1;17.8;;4.142297452
40208;0;23.1;15.3;1;;;4.390248196
40209;0;25.9;13.5;1.5;;;4.643631887
40210;0;25.7;14.3;1.9;19.44;;4.902373543
40211;11.4;24.5;15.7;1.6;19.08;;5.166396599
40212;2.6;25.3;13.5;1.5;18.8;;5.435622927
40213;4.4;25.1;13.9;1.5;19.08;;5.709972857
40214;20.1;26.6;12.7;1.3;18.62;;5.989365205
40215;1.2;27;12.9;2.4;18.18;;6.273717294
40216;27.3;26.1;11.7;2.1;;;6.562944981
40217;0;26.4;12.7;2.6;19.38;;6.856962678
40218;0;26.4;13.1;3.1;19.3;;7.15568338
40219;1.1;25.3;14.1;2.5;18.2;;7.459018692
40220;0.8;26.2;15.3;1.8;19.46;;7.76687885
40221;0;26.8;14.7;2.2;19.62;;8.079172756
40222;0;27.2;13.1;3.5;19.46;;8.395807995
40223;0;28.4;12.1;3.7;;;8.716690871
40224;0;27.6;13.5;4;20.58;;9.041726428
40225;0;27.8;14.1;3.1;;;9.370818484
40226;0;23.5;13.9;2.7;18.68;;9.703869656
40227;6.3;18.9;15.5;1;16.8;;10.04078139
40228;3.9;19.1;13.9;0.7;15.8;;10.38145398
40229;5.4;22.1;13.5;0.8;17.04;;10.72578663
40230;0;27.4;12.3;1.5;19.02;;11.07367743
40231;4.1;25.7;13.9;2.5;18.76;;11.42502344
40232;15.8;27;13.9;1.4;19.82;;11.7797207
40233;0;25.7;14.7;2.1;19.96;;12.13766424
40234;5.7;20.7;16.3;2;;;12.49874814
40235;11.4;18.1;12.7;0.7;14.72;;12.86286555
40236;0.3;19.9;11.9;0.8;15.44;;13.22990873
40237;0;19.5;14.3;0.7;16.8;;13.59976905
40238;23.5;17.1;11.9;0.5;13.72;;13.97233707
40239;26.6;18.5;11.9;0.2;14.76;;14.34750254
40240;2.4;20.3;13.3;0.5;16.52;;14.72515445
40241;2;23.3;14.5;0.5;18.28;;15.10518104
40242;7.3;21.5;14.3;0.9;17.2;;15.48746985
40243;7.5;18.1;12.3;0.7;14.48;;15.87190777
40244;21.2;22.9;8.7;0.3;15.56;;16.25838102
40245;0;24.1;10.1;1.4;17.16;;16.64677524
40246;0;24.9;12.3;1.9;17.52;;17.03697551
40247;0;24.1;11.5;3.5;17.68;;17.42886636
40248;0.1;25.5;10.7;3;17.76;;17.82233181
40249;0;26.6;11.7;3.5;18.74;;18.21725544
40250;0;26.2;12.5;3.6;19.46;;18.61352038
40251;0;25.9;0;;;;19.01100937
40252;16.5;22.1;14.1;4.9;17.4;;19.40960479
40253;11.9;20.5;14.7;1.2;16.72;;19.80918869
40254;3.7;20.9;13.3;1;15.8;;20.20964282
40255;1.2;22.3;11.3;1.1;16.52;;20.61084868
40256;15.1;23.7;11.9;1.2;17.52;;21.01268755
40257;0.2;23.7;13.9;1.6;17.52;;21.41504052
40258;33.5;19.3;12.5;1.3;16;;21.81778853
40259;3.3;24.3;14.1;0.5;17.6;;22.22081239
40260;15.4;24.7;12.3;1.5;17.6;;22.62399285
40261;27.1;24.9;13.5;1;18.68;;23.0272106
40262;0;24.5;14.1;2;18.48;;23.43034631
40263;0;23.7;15.3;1.7;18.52;;23.8332807
40264;0;24.9;13.7;1.3;18.72;;24.23589453
40265;0;24.5;14.1;2;17.92;;24.63806866
40266;0;23.5;14.5;2.2;18.6;;25.03968408
40267;20;22.9;15.5;1.4;17.8;;25.44062194
40268;10.8;21.3;14.5;0.5;17.08;;25.84076361
40269;0;21.3;13.7;1.2;17.36;89;26.23999067
40270;0;22.3;12.1;1;17.28;85.5;26.63818498
40271;3.7;19.5;14.5;1.2;16.52;97.25;27.03522872
40272;19.3;20.9;14.9;0.4;17.28;95.75;27.43100439
40273;21.5;18.3;13.3;0.6;15.08;97;27.82539488
40274;23.2;13.9;8.3;0.2;10.48;97.5;28.21828347
40275;27;11.5;6.9;0.1;9.08;95;28.60955392
40276;7.1;12.7;6.9;0.5;9.32;90;28.99909042
40277;17.7;12.3;8.3;0.5;10.04;93;29.38677772
40278;2.1;16.3;7.1;0.3;11.56;86.5;29.77250109
40279;0;17.1;7.3;1.5;12.64;81;30.15614639
40280;0.3;17.7;6.9;3.5;12.16;81.5;30.53760009
40281;0;20.3;6.1;0.1;13.24;88;30.91674931
40282;0;21.7;6.9;1.3;13.24;84.75;31.29348187
40283;0;21.7;7.7;1.6;13.92;84.25;31.66768627
40284;0;22.1;8.1;1.7;14.6;79.25;32.03925178
40285;0;21.1;8.5;1.9;14.44;76.5;32.40806845
40286;0;22.7;8.3;2.7;14.48;77.5;32.77402715
40287;0;23.5;7.7;2.5;15.48;76;33.13701957
40288;0.2;23.9;8.5;1.7;16.24;80.5;33.49693831
40289;0;22.9;10.3;2.2;17.2;78.75;33.85367685
40290;0;22.7;13.5;1.8;17.64;81.75;34.20712964
40291;0;23.3;12.3;1.8;17.28;85.5;34.55719208
40292;0;24.1;14.1;1.5;18.12;91;34.90376058
40293;0;23.5;13.7;1;17.68;90.5;35.24673259
40294;0;23.1;13.5;1.4;17.12;76.75;35.58600662
40295;0;22.5;13.9;2.8;17.76;83;35.92148226
40296;0;20.9;12.1;1.5;15.92;87.25;36.25306025
40297;0;18.7;10.3;1.3;14.2;93.75;36.58064247
40298;3.2;18.3;9.9;0.4;12.8;92.25;36.90413198
40299;0;18.3;7.9;0.8;11.16;80;37.22343305
40300;0;19.5;4.8;1.6;11.74;82.5;37.5384512
40301;0;19.7;8.3;1.7;13.64;81.75;37.84909321
40302;0;20.1;6.7;1.5;13;87;38.15526716
40303;0;20.9;8.9;1.7;14.56;85.75;38.45688244
40304;0;22.1;9.1;1.6;15.52;82;38.7538498
40305;0;22.7;9.7;1.7;14.96;;39.04608136
40306;0;20.5;12.3;2.8;16.36;;39.33349065
40307;12.1;15.9;9.5;1.5;11.92;;39.61599262
40308;12.7;13.7;7.3;0.3;10.24;;39.89350367
40309;0;16.9;4.8;0.9;11.34;;40.16594168
40310;0.3;13.9;7.3;1.7;9.64;;40.43322604
40311;0;15.7;3;2.8;8.94;;40.69527764
40312;0;16.9;4.8;1;10.62;;40.95201895
40313;0;18.7;5.9;1.1;10.88;83.5;41.20337398
40314;0;22.3;5.5;1.9;13.24;61.5;41.44926837
40315;0;19.5;9.7;4;13.16;83.5;41.68962934
40316;0;20.1;7.7;1.2;14;83.25;41.92438577
40317;6.2;16.1;11.9;1.6;13.2;94.5;42.15346819
40318;4.3;14.3;7.1;0.4;9.52;86.25;42.37680882
40319;0;16.3;4.2;0.8;9.7;87;42.59434155
40320;0;17.7;5.5;1;10.44;85.5;42.80600203
40321;0;17.9;5.7;1.2;11.48;91;43.01172761
40322;0;19.1;6.7;1;13.16;85.25;43.21145742
40323;0;19.3;10.5;1.4;14.4;92;43.40513236
40324;0.2;18.3;11.3;0.6;13.76;83.25;43.59269511
40325;11.1;13.7;8.9;1.1;10.56;91.75;43.77409017
40326;0;16.7;6.5;0.9;11.28;89.75;43.94926386
40327;0;18.3;6.5;0.8;12.04;90.25;44.11816435
40328;0;17.5;9.1;1;13.04;84.5;44.28074166
40329;1.8;14.9;7.9;1.7;10.6;96.5;44.43694768
40330;5.6;12.5;5.3;0.8;8.84;90;44.58673617
40331;0;14.7;5.3;1.2;10.04;92.25;44.73006283
40332;0.4;16.3;7.5;0.7;10.96;91.75;44.86688523
40333;0;15.1;6.7;0.6;11.12;88.75;44.99716289
40334;3.9;14.1;9.3;1;11.04;96;45.12085726
40335;3.2;13.5;3.8;0.3;6.3;79.25;45.23793173
40336;0;17.3;-0.2;2.6;7.46;77.25;45.34835166
40337;0;16.3;2.2;1.8;7.86;81.25;45.45208437
40338;0;16.7;3.4;1.5;9.46;84.75;45.54909917
40339;0;15.1;5.7;0.9;10.76;92.25;45.63936735
40340;1.1;11.5;7.5;0.5;9;94.75;45.7228622
40341;4.1;9.9;5.7;0.4;7.28;93.25;45.79955901
40342;0;13.9;0.6;0.4;5.82;86.5;45.86943509
40343;0;15.9;0.8;0.8;7.18;86.5;45.93246975
40344;0.2;16.5;2.4;1.3;8.26;84.5;45.98864435
40345;0;17.3;3.2;1;8.7;84;46.03794225
40346;0;20.7;4.9;1.5;11.64;67.75;46.08034888
40347;0;19.7;5.5;2.5;11.24;76.25;46.11585169
40348;0;20.1;8.1;3;13.84;52;46.14444016
40349;0;21.3;6.1;4.3;12.92;65;46.16610584
40350;0;21.1;10.7;4.5;14.84;66.25;46.18084232
40351;0;19.1;12.3;3.9;14.6;88.75;46.18864524
40352;1.7;17.5;7.1;1.3;10.88;88.75;46.18951228
40353;0;18.5;7.7;1;12.08;88.5;46.1834432
40354;0;18.9;6.3;1.3;11.52;81.25;46.17043978
40355;0;19.7;6.1;2.1;10.96;53.75;46.15050588
40356;0;16.9;-0.2;4.8;8.9;76;46.12364739
40357;0;19.1;3.8;1.6;10.18;81.75;46.08987226
40358;0;19.1;3.6;1.7;9.62;79.5;46.04919049
40359;0;18.5;3.4;2.1;9.3;75.5;46.00161412
40360;0;18.9;2.4;2.1;8.82;74.25;45.94715721
40361;0;17.9;2.6;2.1;8.58;;45.8858359
40362;0;18.3;2.8;1.4;8.9;;45.81766832
40363;0;17.3;3;1.1;8.94;;45.74267464
40364;0;17.5;4.2;1.3;9.66;;45.66087707
40365;0;19.3;5.1;1.8;10.68;;45.57229979
40366;0;18.3;4.8;1.5;9.3;;45.47696903
40367;0;17.7;2;2.7;9.46;;45.374913
40368;0;17.7;5.5;2.4;11.12;;45.26616188
40369;0;17.1;5.9;2.2;11.56;;45.15074788
40370;0;18.5;6.5;1.2;12.04;;45.02870513
40371;0;18.7;8.9;1.3;12.24;;44.90006976
40372;12.1;16.5;9.3;0.9;13.04;;44.76487982
40373;44.6;14.9;9.3;0.8;11.52;;44.62317532
40374;9.7;16.3;8.9;0.2;12.84;;44.47499821
40375;0;16.1;9.5;0.2;11.92;;44.32039231
40376;0.7;14.7;9.3;0.5;12.08;;44.15940339
40377;0;18.1;10.7;0.7;13.04;;43.99207908
40378;0;17.7;8.1;0.9;13;;43.8184689
40379;0;21.1;10.7;0.7;14;;43.63862422
40380;0;19.5;8.1;1.6;13.12;;43.45259826
40381;0;20.1;10.5;2.9;14.12;77.25;43.26044607
40382;0;21.9;8.3;2.2;14.32;78;43.06222451
40383;0;17.1;7.7;2.2;11.44;85.5;42.85799223
40384;0;17.3;4.4;1.7;10.7;75.75;42.64780967
40385;0;18.5;4.4;1.9;11.14;75.75;42.43173904
40386;0;17.9;5.3;3;11.24;77.25;42.20984425
40387;0;16.9;5.7;1.9;11.4;82.5;41.98219099
40388;0;;8.9;1.9;12.44;69;41.74884662
40389;0;17.7;5.7;1.5;11.52;80.5;41.50988018
40390;0;19.7;6.9;3;12.32;74.5;41.26536239
40391;0;21.9;7.1;2.5;14.4;73;41.0153656
40392;0;17.9;8.1;2.5;12.52;88.25;40.7599638
40393;0;16.5;7.7;1.2;11.36;89;40.49923256
40394;0;15.1;7.3;0.8;10.68;95.75;40.23324904
40395;0.4;17.5;7.7;0.3;11.48;88.25;39.96209194
40396;0;14.7;5.1;0.8;7.88;85.5;39.68584151
40397;0;21.1;0.8;1.2;9.78;61.75;39.40457949
40398;0;21.5;6.7;4.6;13.72;64.75;39.11838912
40399;0;19.7;6.1;4;12.08;71.25;38.82735507
40400;0;19.3;5.5;2;11.48;82.5;38.53156347
40401;0;18.5;5.5;1.8;11.4;86.75;38.23110186
40402;0;17.9;5.3;1.6;11;83;37.92605914
40403;0;20.5;9.5;1.4;15.32;60.25;37.61652558
40404;0;18.9;7.7;3.7;11.56;77.25;37.30259277
40405;0;10.7;3.2;1.7;5.94;95;36.98435362
40406;0;9.9;1.8;0.9;5.26;81.25;36.6619023
40407;0;15.7;2.8;1.7;7.58;77.5;36.33533422
40408;0;19.3;-0.8;1.7;7.82;70.25;36.00474602
40409;0;20.9;1;3.5;10.06;57.25;35.67023552
40410;0;20.9;2.2;3.3;10.9;65.5;35.33190173
40411;0;22.3;3.8;3.4;12.1;63.5;34.98984474
40412;0;21.9;4;3.9;12.46;61.25;34.64416579
40413;0;23.7;4.6;3.6;13.3;62.25;34.29496716
40414;0;25.1;5.3;3.8;14.12;58.5;33.94235219
40415;0;24.3;5.7;4.5;14.26;57.5;33.58642523
40416;0;25.7;7.1;5;14.68;57.25;33.22729159
40417;0;25.3;6.3;4.9;15.04;55;32.86505755
40418;0;24.3;6.5;5.4;14.8;61.5;32.4998303
40419;0;25.3;6.3;4.3;15.48;56.5;32.13171793
40420;0;22.5;8.1;4.8;15.04;72.25;31.76082935
40421;0;23.5;7.3;3.2;14.28;68.75;31.38727432
40422;0;23.5;7.7;3.5;14.2;61.75;31.01116338
40423;0;24.3;5.5;3.8;14.04;65.5;30.63260784
40424;0;25.5;6.3;3.8;14.92;57;30.2517197
40425;0;24.9;6.3;4.9;15.92;48.5;29.86861168
40426;0;21.5;8.7;3.5;14.72;76.75;29.48339715
40427;0;21.7;0;3.5;;;29.0961901
40429;7.3;15.7;7.7;9.8;10.76;92;28.31625732
40430;0;15.9;7.5;1.1;11.6;84.25;27.92376238
40431;0;19.7;4.9;1.5;12.56;76;27.52973644
40432;0;24.5;4.4;2.6;13.38;60.25;27.1342961
40433;0;25.3;8.7;4.6;15.44;52.75;26.73755838
40434;0;24.9;6.7;6.1;15.6;52;26.33964067
40435;0;26.4;12.1;7.2;18.42;48.25;25.94066074
40436;0;23.3;10.7;5.9;15.8;74.75;25.54073663
40437;0;26.4;9.4;2.4;17.56;72.25;25.1399867
40438;0;26.2;10.9;3.5;18.62;63;24.73852954
40439;0;19.9;8.1;4.1;13;84.75;24.33648394
40440;0;20.5;7.1;0.5;12.72;84.25;23.93396887
40441;0;24.7;9.7;1.5;16.2;74.75;23.53110344
40442;17.9;21.7;8.7;2.5;15.2;82.5;23.12800688
40443;0;25.5;11.1;2;17.04;75.5;22.72479845
40444;0;24.9;10.5;2.7;16.4;76.75;22.32159749
40445;2;19.9;10.3;2.8;14.72;77.5;21.91852329
40446;6.9;22.9;11.5;2.3;16.08;83.5;21.51569515
40447;5.1;15.1;11.1;0.9;12.6;97.5;21.11323225
40448;36;18.1;11.1;0.3;14.76;91;20.7112537
40449;12;16.9;11.7;0.8;13.56;95.25;20.30987844
40450;0;20.3;11.3;0.8;15.4;88.75;19.90922526
40451;0.4;18.1;12.5;1.2;14.68;91.5;19.50941271
40452;1.8;22.3;10.5;0.9;15.96;89.75;19.1105591
40453;36.8;18.5;11.7;1.3;15.16;89;18.71278246
40454;2.1;15.1;9.7;0.5;11.72;94.75;18.3162005
40455;0.6;21.3;9.7;0.7;15.96;89;17.92093057
40456;1.7;23.1;13.7;1.3;16.4;89.75;17.52708964
40457;0;25.1;11.5;1.4;17.48;83.25;17.13479425
40458;0;18.7;11.1;2.7;15.96;82.5;16.7441605
40459;2;20.5;11.7;1.9;14.36;73;16.35530396
40460;0.7;12.5;7.7;3;9.36;94.5;15.96833972
40461;1.8;17.3;6.7;0.6;10.4;89.5;15.58338229
40462;0;14.3;6.7;1;9.84;91.5;15.20054557
40463;0.7;18.1;2;0.6;8.34;77.25;14.81994285
40464;0;22.1;3.8;2.1;13.18;77;14.44168677
40465;0;25.5;8.7;2.4;16.76;76.75;14.06588925
40466;0;21.1;13.7;2.8;17.2;86.5;13.6926615
40467;0.3;24.3;12.9;0.9;18.16;84.75;13.32211396
40468;6;24.5;12.7;2;17.36;85.5;12.95435628
40469;46.3;15.9;10.1;1.2;12.2;97.25;12.5894973
40470;4.5;19.7;8.7;0.4;12.16;85;12.22764497
40471;0;22.1;2.2;1.9;12.86;65.25;11.86890637
40472;0;24.7;6.9;3.2;16.52;70.75;11.51338766
40473;0;26.1;8.7;3.4;18.16;72.5;11.16119405
40474;0;20.3;13.1;4.1;16.4;81.75;10.81242975
40475;1.6;22.9;12.7;2.4;16.32;87.5;10.46719797
40476;0;24.5;11.7;1.5;16.6;87.75;10.12560087
40477;42.4;18.9;10.5;1.5;13.56;93.5;9.787739536
40478;0.8;18.9;7.5;1;12.24;85.25;9.45371394
40479;0;23.3;6.1;1.8;14.28;71.5;9.123622929
40480;0;25.9;6.3;3.1;17.36;50.5;8.797564182
40481;0;24.1;12.1;6.4;16.68;87.5;8.475634186
40482;42.9;20.5;12.3;1.7;16.76;85.5;8.157928204
40483;0.3;19.3;13.1;1.5;15.28;88.25;7.844540251
40484;0.7;20.5;9.9;1.3;13.6;66;7.535563063
40485;0;23.1;6.7;2.5;14.76;74.5;7.231088072
40486;0;24.7;8.5;2.9;16.32;74.75;6.931205376
40487;0;25.1;11.7;3.1;18;73.25;6.636003717
40488;6.5;18.1;12.9;2.8;14.92;93;6.345570448
40489;4.9;23.1;10.1;0.5;16;77.25;6.059991513
40490;0;26.1;10.5;2.3;18;77;5.779351421
40491;0;26.2;13.5;3.1;18.86;71.5;5.503733217
40492;0;23.9;13.3;3.1;16.84;87.25;5.23321846
40493;8.4;17.3;9.7;1.3;12.8;91.25;4.967887201
40494;0;21.5;10.3;1.1;15.04;85.75;4.707817956
40495;20;15.7;9.9;1.1;12.04;95.75;4.453087682
40496;0;15.9;8.3;0.4;12.32;93.5;4.203771759
40497;0;21.3;9.7;0.3;14.96;86;3.959943963
40498;28;15.1;11.7;1.6;13.6;96.75;3.721676447
40499;14.1;18.7;12.5;0.2;14.84;93.25;3.489039718
40500;20;22.5;9.5;1;15.04;72.5;3.262102618
40501;0;24.5;6.5;3.7;16.16;56;3.040932299
40502;0;26.6;9.1;5.2;16.86;71.5;2.825594211
40503;6.8;25.7;12.1;3.6;18.08;76.75;2.616152075
40504;0.4;19.1;13.5;2.5;15.92;91.25;2.412667869
40505;9.1;22.3;14.3;1;16.76;94;2.215201806
40506;8.2;23.5;13.5;0.6;18.8;82;2.02381232
40507;8.6;24.3;13.7;1.9;17.44;87.25;1.838556047
40508;29.2;24.3;12.1;1.9;16.88;81.75;1.659487807
40509;0;24.7;8.7;2.8;16.92;69;1.486660588
40510;0;26.1;8.3;3.3;17.8;66.5;1.320125534
40511;0;25.7;12.9;4.3;18.68;84;1.159931924
40512;7.3;22.7;14.9;1.8;17.36;90.25;1.006127163
40513;3;24.5;13.9;1.1;18.12;87.5;0.858756764
40514;40.2;23.9;15.1;1.2;18.08;92;0.717864335
40515;21.2;24.3;15.7;1;18.8;89.5;0.58349157
40516;37.7;26.8;15.1;1.5;20.3;80.5;0.455678232
40517;0;24.9;15.7;2.3;19.36;89.75;0.334462142
40518;5.1;23.3;14.9;1.5;18.32;90;0.21987917
40519;4.9;24.3;15.3;1.6;19.44;87.75;0.111963224
40520;1.8;24.5;14.9;1.1;19.4;84;0.010746237
40521;12.5;22.9;14.5;2.2;17.52;85.5;-0.083741839
40522;0;25.5;12.3;1.9;18.36;82.25;-0.171473044
40523;0;25.7;13.1;1.9;19;85.75;-0.252421416
40524;0;26.4;15.5;1.9;19.26;89.75;-0.326563001
40525;4.1;23.7;14.7;1.6;17.4;84.25;-0.39387586
40526;13.5;22.7;13.1;1.5;16.76;93;-0.454340074
40527;15.2;19.9;13.3;0.8;16.4;92;-0.507937751
40528;15.7;20.5;14.3;0.9;16.32;94;-0.554653029
40529;5.7;23.9;13.3;0.5;18.04;84.25;-0.594472086
40530;0;22.3;0;2;;;-0.627383137
40531;0.6;24.1;12.7;1.3;17.52;91.5;-0.653376445
40532;17.5;25.9;12.9;1.2;19.24;78.25;-0.672444318
40533;0;26.4;12.6;2.8;19.52;69.5;-0.684581112
40534;7.7;26.1;13.1;3.3;17.48;85.5;-0.689783236
40535;12.2;19.7;13.5;1.7;15.92;93.5;-0.688049152
40536;27.3;24.7;12.5;0.7;17.32;90.75;-0.679379372
40537;5.1;25.1;13.1;1;18.2;88.75;-0.663776462
40538;1.2;24.9;12.9;1.3;18.48;91;-0.641245038
40539;13.7;22.9;13;1;17.02;94.25;-0.611791769
40540;2.8;22.9;12.1;0.5;16.6;92;-0.575425369
40541;0.3;24.5;9.5;1.4;16.24;79.75;-0.532156601
40542;0;20.3;11.3;2.1;15.44;83;-0.481998269
40543;0;23.1;10.7;1.2;17.2;86.75;-0.424965214
40544;7;;0;0.3;;;-0.361074314
40545;28.3;;14.7;1;;97.5;-0.290344475
40546;55;;14.5;0.4;;97;-0.212796628
40547;32;;15.1;0.3;;97.5;-0.12845372
40548;38.8;;15.1;0.1;;91.75;-0.03734071
40549;23.6;;15.7;1;;92;0.060515442
40550;16.1;;14.7;1;;89.25;0.165085777
40551;10.7;;14.9;1.2;;94.75;0.276339351
40552;0.6;;14.5;0.7;;78.75;0.394243243
40553;0.5;;15.3;2;;88.5;0.518762563
40554;29.7;;14.9;1.3;;89.25;0.649860464
40555;0.5;;16.3;1.4;;90;0.787498152
40556;18.2;;14.7;1.2;;97.5;0.931634898
40557;43.1;;14.7;0.2;;95.5;1.082228049
40558;8.7;;0;0.6;;;1.239233042
40559;1.4;;0;0.6;;86;1.402603417
40560;19.6;;15.3;1.6;;94;1.57229083
40561;3.4;;15.3;1;;87.75;1.748245068
40562;13.1;;13.7;0.9;;83.5;1.930414063
40563;2;;15.7;1.8;;91.25;2.118743909
40564;0;;14.1;1.4;;76;2.313178875
40565;2.3;;12.1;2.8;;80.25;2.513661426
40566;0;;13.5;2.3;;82;2.720132234
40567;0;;13.7;2.1;;81;2.932530203
40568;0;;12.1;1.4;;78.75;3.15079248
40569;0;;13.5;3.4;;84;3.374854478
40570;10.1;;13.1;1.4;;84.75;3.604649893
40571;0.7;;12.3;2;;81.25;3.840110725
40572;23.8;;14.3;1.3;;84;4.081167297
40573;0.3;;14.7;2;;78.5;4.327748278
40574;0;;13.3;2.7;;86;4.579780699
40575;8.2;;13.7;1.7;;80.25;4.83718998
40576;0;;14.5;2;;87.25;5.09989995
40577;36.8;;14.1;1.2;;91.25;5.367832869
40578;0;;13.1;1.3;;82;5.64090945
40579;0;;14.1;2.1;;74;5.919048887
40580;0;;11.9;2.9;;70.5;6.202168873
40581;0;;0;0.6;;;6.490185628
40582;2.1;;13.3;3.5;;78.75;6.783013924
40583;0;;13.1;2.7;;68;7.080567109
40584;0;;11.9;3.2;;69.25;7.38275713
40585;0;;14.1;3.6;;86.75;7.689494566
40586;23;;12.1;1.4;;90.5;8.000688647
40587;14.9;;12.9;1.2;;89;8.316247288
40588;0;;14.1;1.7;;89.25;8.636077107
40589;21.9;;13.9;1.2;;90.5;8.960083464
40590;1.7;;13.5;1.3;;90.5;9.288170479
40591;20.1;;12.7;1;;91.25;9.620241066
40592;48.1;;11.1;1;;92;9.956196959
40593;15.5;;10.9;0.9;;86.75;10.29593875
40594;0.8;22.5;11.1;1.7;17.92;76.25;10.63936589
40595;0.5;24.9;12.5;1.8;17.88;86.25;10.98637676
40596;9;23.7;12.1;1.1;;;11.33686868
40597;13.4;22.9;13.5;2.3;17.36;90.75;11.69073793
40598;23.1;23.1;12.3;1.1;17.68;89.25;12.04787979
40599;5.1;22.5;14.1;1;18.52;90.5;12.40818859
40600;27;23.9;13.5;1;18.6;92.25;12.77155769
40601;1.3;24.5;15.5;1.6;18.08;91.75;13.13787957
40602;46.1;19.9;14.5;0.9;16.36;97;13.50704583
40603;30.7;20.1;13.5;0.3;16.32;93.5;13.87894723
40604;29.9;17.3;14.1;0.7;15.56;97.5;14.25347372
40605;28.8;16.9;13.3;0.2;14.68;;14.63051447
40606;3.8;17.3;12.9;0.5;14.8;96;15.00995791
40607;21.8;16.3;12.9;0.4;14.16;96.75;15.39169174
40608;13.8;18.7;12.5;0.3;15.16;95;15.77560302
40609;17.3;18.1;12.7;0.6;14.92;96.75;16.16157814
40610;8.6;18.7;13.1;0.2;15.68;97.25;16.54950287
40611;10.8;20.5;12.7;0.5;16.28;91.25;16.93926244
40612;6.9;21.3;13.1;1;17;87.75;17.33074149
40613;1.4;22.5;13.1;2;17.48;85.5;17.72382419
40614;0;21.5;13.1;1.5;16.96;91.5;18.11839421
40615;0;21.5;15.1;1;17.96;88.25;18.5143348
40616;39.1;22.1;12.3;0.9;17.12;92.5;18.9115288
40617;46.1;20.1;14.7;0.8;16.52;95.25;19.30985866
40618;38.1;17.3;14.3;0.3;15.56;96.5;19.70920651
40619;2.1;21.7;13.9;0.5;17.68;93.25;20.10945418
40620;3.5;22.1;14.1;0.5;17.52;93;20.51048323
40621;4.5;20.1;14.1;0.9;16.24;94.25;20.91217499
40622;4.4;19.5;13.3;0.7;15.52;89.75;21.31441059
40623;1.6;20.7;13.3;1.2;16.36;83.25;21.71707101
40624;0.2;18.5;13.5;3.1;15.56;90;22.12003709
40625;0;20.7;13.1;1.6;16.24;85.75;22.52318958
40626;0;21.7;13.3;0.6;16.88;88.5;22.92640919
40627;0;22.5;12.5;1.1;17.44;90.25;23.3295766
40628;0;25.1;12.7;1.5;18.24;83.5;23.7325725
40629;0;24.3;14.1;1.6;18.84;84.5;24.13527764
40630;0;24.7;13.5;1.9;18.68;84.75;24.53757286
40631;3.8;22.7;14.1;1.8;17.6;92.25;24.9393391
40632;19.9;20.1;13.7;0.7;16.16;96;25.34045749
40633;16.3;20.9;12.7;0.3;16.2;91.75;25.74080932
40634;0;23.3;13.1;0.9;17.44;84.75;26.14027611
40635;0;23.3;11.3;1.7;16.72;90.25;26.53873967
40636;30.5;19.3;13.9;1.3;15.8;96.75;26.93608209
40637;17.4;18.3;13.3;0.3;15.72;94.5;27.33218577
40638;0.8;19.1;12.3;0.4;15;90.75;27.72693351
40639;16.6;20.5;8.3;0.9;13.68;83;28.12020849
40640;0;18.7;8.9;1.9;13.8;87.75;28.51189435
40641;0;20.1;8.5;1.2;15.04;82.5;28.90187516
40642;7.2;18.9;10.1;1.4;13.32;92.5;29.29003554
40643;21.1;19.5;9.1;0.8;14.28;91.25;29.67626062
40644;24.6;19.7;10.3;1;14.68;92;30.0604361
40645;11.9;22.1;12.7;0.7;17.36;84;30.44244831
40646;16.5;20.3;11.9;1.5;16.04;90;30.8221842
40647;0;24.5;11.1;1.6;17.12;88.5;31.1995314
40648;0;21.7;12.3;1.4;16.88;90.25;31.57437825
40649;1.3;22.9;11.7;1.1;17.16;90.75;31.94661382
40650;0;22.1;11.5;1.2;16.64;88.75;32.31612797
40651;0;21.5;10.9;0.6;15.92;87;32.68281134
40652;0;20.5;10.7;0.5;15.64;86.5;33.04655544
40653;0;20.5;9.5;3.1;14.8;84.25;33.40725262
40654;0;22.1;8.3;1.3;15.4;81.25;33.76479615
40655;0;22.1;9.7;1.8;15.16;89.25;34.11908022
40656;0;22.1;9.1;1.5;15.92;84.5;34.47
40657;0;19.7;12.3;1.2;15.6;91;34.81745164
40658;0.4;21.9;9.7;1.5;15.2;93.25;35.16133233
40659;14.6;14.1;10.5;1.1;12;94.25;35.50154031
40660;0.5;14.1;8.5;0.4;11.32;94.25;35.8379749
40661;4.6;18.1;8.1;0.5;13.16;90;36.17053655
40662;13.3;16.5;10.9;1;13.2;92.25;36.49912684
40663;0.7;18.5;7.9;0.6;12.88;88.75;36.82364855
40664;0;20.1;8.7;1.2;14.68;83.25;37.14400564
40665;6.9;16.3;12.1;1.6;14.52;91.5;37.46010331
40666;0;16.7;9.5;0.8;11.84;88.75;37.77184802
40667;0;18.3;6.9;0.8;13.44;91.25;38.07914753
40668;0;19.1;8.9;0.7;13.92;78;38.3819109
40669;0;20.1;7.3;2;13.6;83.25;38.68004853
40670;0;17.3;8.1;1.4;11.92;89;38.9734722
40671;0;19.1;6.7;1.1;12.88;;39.26209509
40672;0;18.1;8.5;1.4;13.88;84.75;39.54583178
40673;0.4;18.1;11.3;1.4;13.88;92.5;39.82459832
40674;0.5;18.1;9.3;0.7;13.12;93.75;40.09831221
40675;0;18.3;10.7;0.6;14.08;83.5;40.36689245
40676;0;17.5;10.3;1.8;12.92;86.5;40.63025958
40677;0;16.3;9.7;1;11.84;94;40.88833564
40678;0;15.9;9.3;0.7;12.48;95.75;41.14104428
40679;23.3;13.7;8.1;0.3;10.24;89.75;41.38831072
40680;3.4;12.5;5.9;0.9;8.32;90.5;41.63006177
40681;0;13.9;4.2;0.9;8.74;85.75;41.86622592
40682;0;13.7;5.7;0.9;9.96;88;42.09673326
40683;0;14.9;4.9;0.7;10.12;84.75;42.3215156
40684;0;15.9;4.8;1.3;9.94;91.25;42.54050641
40685;0;15.1;3.6;0.9;8.42;76;42.75364089
40686;0;16.1;3.8;1.8;9.66;83.5;42.96085597
40687;0;16.3;5.5;1.3;10.68;82.5;43.16209033
40688;0;17.1;4.8;1.7;10.34;82.75;43.35728443
40689;0;17.1;0;1.7;;;43.5463805
40690;0.6;15.3;0;1.4;;;43.72932259
40691;0;11.7;0;0.6;;;43.90605656
40692;0;13.9;0;0.4;;;44.07653011
40693;0;14.5;0;0.7;;;44.24069279
40694;0;16.1;0;1;;;44.39849604
40695;0;16.1;0;1.9;;;44.54989315
40696;0;16.3;0;1.3;;;44.69483932
40697;0;16.5;0;1.6;;;44.83329165
40698;0;14.5;0;1.7;;;44.96520919
40699;0;11.7;0;1.4;;;45.09055289
40700;0.3;15.5;0;1.1;;;45.20928566
40701;0;15.7;0;1.8;;;45.32137236
40702;20.5;14.1;0;2.2;;;45.42677983
40703;0;12.5;0;3.7;;;45.52547688
40704;17.9;13.1;0;0.3;;;45.6174343
40705;0;13.7;0;0.8;;;45.70262488
40706;0;14.9;0;1.4;;;45.7810234
40707;0;16.9;0;1.2;;;45.85260668
40708;0;12.7;0;1.2;;;45.91735352
40709;0;14.7;0;2.1;;;45.97524477
40710;0.3;14.7;0;1;;;46.0262633
40711;0;14.3;0;1.1;;;46.070394
40712;0;16.9;0;1.2;;;46.10762383
40713;0;17.7;0;1.3;;;46.13794176
40714;0;17.7;0;1.3;;;46.16133882
40715;0;18.7;0;1.2;;;46.17780809
40716;0;17.3;0;1;;;46.18734469
40717;0;18.1;0;1;;;46.18994581
40718;0;18.1;0;0.9;;;46.18561067
40719;0;18.1;0;0.8;;;46.17434055
40720;0;16.5;0;1.7;;;46.1561388
40721;5;11.3;0;1.1;;;46.13101079
40722;0;15.1;0;0.4;;;46.09896397
40723;0;16.3;0;4.6;;;46.06000781
40724;0;17.9;0;1.5;;;46.01415384
40725;0;18.8;0;1;;;45.96141564
40726;0;18.8;0;1.5;;;45.90180881
40727;0;18.4;0;1.5;;;45.83535098
40728;0;12.4;0;1.3;;;45.76206183
40729;0;14.8;0;0.5;;;45.68196304
40730;0;15;0;1.7;;;45.59507831
40731;0;13;0;1.3;;;45.50143335
40732;0.2;13.6;0;0.7;;;45.40105588
40733;0.2;17;0;1.7;;;45.2939756
40734;0;17.4;0;2.7;;;45.18022419
40735;0;19.2;0;1.7;;;45.05983532
40736;0;18.4;0;1.8;;;44.93284461
40737;0;18.8;0;1.7;;;44.79928964
40738;0;18;0;2.1;;;44.65920993
40739;0;18.6;0;1.9;;;44.51264693
40740;0;18.8;0;1.8;;;44.35964401
40741;0;19.2;0;2.5;;;44.20024646
40742;0;17.8;0;2.3;;;44.03450142
40743;0;20;0;1.5;;;43.86245797
40744;0;20.2;0;1.9;;;43.684167
40745;0;20;0;1.5;;;43.49968127
40746;0;17.8;0;1.9;;;43.30905537
40747;0.6;14.2;0;1;;;43.11234572
40748;0;15.8;0;0.7;;;42.90961053
40749;0;17.6;0;1;;;42.70090978
40750;0;15.8;0;1.3;;;42.48630524
40751;0.2;16.2;0;1.4;;;42.2658604
40752;0.1;16.6;0;2;;;42.03964051
40753;0;19.4;0;2.2;;;41.80771251
40754;0;19.2;0;2;;;41.57014502
40755;0.7;18.6;0;1.7;;;41.32700834
40756;0;20.2;0;3.4;;;41.07837443
40757;0;16.2;0;5;;;40.82431686
40758;0;13.2;0;2.8;;;40.56491081
40759;7.2;14;0;0.3;;;40.30023304
40760;0;19.6;0;2.8;;;40.03036188
40761;0;21.4;0;4.1;;;39.75537718
40762;0;22;0;2;;;39.47536031
40763;0.6;22.8;0;2.7;;;39.19039414
40764;0;21.8;0;2.8;;;38.90056299
40765;3.2;14.6;0;3.5;;;38.60595263
40766;2;18.8;0;0.9;;;38.30665024
40767;0;19.8;0;1.1;;;38.00274439
40768;0;22.2;0;2.2;;;37.694325
40769;0;21.4;0;4.8;;;37.38148335
40770;0;22.2;0;3.7;;;37.064312
40771;0;21.2;0;3.3;;;36.74290482
40772;0;22.2;0;5.5;;;36.41735692
40773;0;22.4;0;5.5;;;36.08776462
40774;0;20.8;0;5.4;;;35.75422547
40775;0;17.4;0;5.9;;;35.41683815
40776;4.3;11.5;0;1.2;;;35.07570252
40777;0.4;14.4;0;0.4;;;34.73091951
40778;1;19;0;0.5;;;34.38259115
40779;0;21.4;0;1;;;34.03082053
40780;0;19.6;0;2;;;33.67571172
40781;0;20;0;1.3;;;33.31736983
40782;0.6;21;0;1.2;;;32.95590088
40783;0;22.8;0;4.5;;;32.59141183
40784;0;24.5;0;3;;;32.22401056
40785;0;25.3;0;3.9;;;31.85380577
40786;0;15.6;0;4.1;;;31.48090702
40787;19.1;18;0;0.5;;;31.10542466
40788;0;14;0;1.5;;;30.72746979
40789;0;22;0;2.9;;;30.34715426
40790;0;23.8;0;4.4;;;29.96459061
40791;0;24.7;0;5.2;;;29.57989204
40792;0;25.7;0;5.9;;;29.1931724
40793;0;24.9;0;4.2;;;28.80454613
40794;0;24.3;0;5.1;;;28.41412821
40795;0;24.2;0;7;;;28.02203419
40796;0;22.6;0;5.1;;;27.62838009
40797;1.8;17.6;0;4;;;27.23328239
40798;0.6;22;0;1;;;26.83685803
40799;0;24.3;0;1.9;;;26.43922429
40800;0;15.8;0;2.5;;;26.04049885
40801;0;19;0;0.8;;;25.64079971
40802;0;18;0;1.4;;;25.24024512
40803;0;19.4;0;1.5;;;24.83895364
40804;0;21.2;0;2;;;24.437044
40805;0;21.8;0;3;;;24.03463513
40806;0;23;0;4;;;23.63184613
40807;0;23.4;0;4.5;;;23.22879617
40808;3.2;24;0;3;;;22.82560452
40809;0;25.9;0;3.4;;;22.4223905
40810;0.8;16.8;0;3.6;;;22.01927343
40811;1.6;16.4;0;0.5;;;21.6163726
40812;0;22;0;2;;;21.21380722
40813;0;22.8;0;3;;;20.81169642
40814;0;23.2;0;3.4;;;20.4101592
40815;0;26.1;0;3.3;;;20.00931438
40816;0;27.5;0;4.5;;;19.60928057
40817;0;28.1;0;6;;;19.21017614
40818;0;24.5;0;5.8;;;18.81211921
40819;31.2;19;0;2.4;;;18.41522757
40820;0;18.6;0;2.3;;;18.01961865
40821;0;20;0;2.6;;;17.62540952
40822;0;22;0;1.4;;;17.23271685
40823;0;24;0;4.5;;;16.84165683
40824;0;24.9;0;6;;;16.45234518
40825;0;22.8;0;4;;;16.06489711
40826;16.2;23.6;0;1.9;;;15.67942727
40827;0.7;22.6;0;1.8;;;15.29604972
40828;4.6;23.6;0;1;;;14.91487792
40829;0.5;17.8;0;1.6;;;14.53602466
40830;10.2;18;0;0.5;;;14.15960205
40831;4;18.2;0;0.3;;;13.78572147
40832;20.1;18;0;0.3;;;13.41449357
40833;30.6;15.6;0;0.1;;;13.04602819
40834;11.3;14;0;0.5;;;12.68043437
40835;0;18;0;1.3;;;12.3178203
40836;0;15.4;0;1.7;;;11.95829328
40837;0;16.6;0;1.5;;;11.6019597
40838;0;16;0;3.4;;;11.24892501
40839;0;21.4;0;1;;;10.89929367
40840;1.3;22.2;0;1.5;;;10.55316914
40841;0;22.6;0;1.2;;;10.21065385
40842;1.4;21.2;0;3.2;;;9.871849156
40843;0;24.3;0;1.6;;;9.536855313
40844;0;24;0;4.4;;;9.205771453
40845;0;27.1;0;3.4;;;8.878695547
40846;42;20.6;0;4.4;;;8.555724384
40847;8;10.5;0;1.5;;;8.236953535
40848;2.7;12.6;0;1;;;7.92247733
40849;0;15.6;0;1;;;7.612388828
40850;0;19.6;0;2;;;7.306779788
40851;0;22.2;0;1.8;;;7.005740646
40852;0;23.4;0;2.6;;;6.709360483
40853;0;22.6;0;3.4;;;6.417727004
40854;0;21.6;0;2.7;;;6.130926507
40855;0.4;24.5;0;2.1;;;5.849043861
40856;0.9;23;0;2.9;;;5.57216248
40857;0;21.8;0;2.5;;;5.300364298
40858;0.4;22.4;0;2.4;;;5.033729743
40859;18.8;23;0;0.7;;;4.772337718
40860;2.1;20.8;0;1.1;;;4.516265572
40861;32.4;16.6;0;0.8;;;4.265589082
40862;48.8;15.6;0;0.4;;;4.020382426
40863;59.1;16;0;0.2;;;3.780718166
40864;1.8;19.8;0;0.4;;;3.546667221
40865;0;19.2;0;1;;;3.318298851
40866;0;20.8;0;1;;;3.095680634
40867;0;21.2;0;1.4;;;2.878878447
40868;0;21.4;0;2.1;;;2.667956444
40869;0;18.4;0;1.7;;;2.462977041
40870;30.7;20.6;0;0.5;;;2.264000894
40871;0;22.8;0;1.5;;;2.071086885
40872;0;24.5;0;3.6;;;1.884292098
40873;0;23;0;2.9;;;1.70367181
40874;2.1;20.2;0;1.4;;;1.529279469
40875;13.3;19.8;0;1;;;1.36116668
40876;16.6;22.4;0;0.7;;;1.199383192
40877;24.4;20.8;0;1.1;;;1.043976877
40878;0.7;22.8;0;0.9;;;0.894993725
40879;0;22.4;0;1.6;;;0.75247782
40880;0;22.4;0;1;;;0.616471336
40881;19.8;23;0;1.2;;;0.487014519
40882;0;23.4;0;1.3;;;0.364145677
40883;1;23.2;0;1.3;;;0.24790117
40884;0;23.2;0;1.2;;;0.138315397
40885;27;23.4;0;1;;;0.035420784
40886;4.7;17;0;0.9;;;-0.060752219
40887;20;16;0;0.3;;;-0.150175154
40888;0.8;22.8;0;0.3;;;-0.232821558
40889;0;24;0;1.5;;;-0.308666976
40890;0;24.3;0;2.9;;;-0.377688963
40891;3.8;22.4;0;2.6;;;-0.439867094
40892;15;19.4;0;1.3;;;-0.495182972
40893;1.7;23.6;0;0.9;;;-0.543620225
40894;0;26.1;0;2.3;;;-0.585164521
40895;0;22.6;0;1.9;;;-0.619803567
40896;16.9;23.8;0;0.8;;;-0.647527112
40897;0;22.4;0;1;;;-0.668326953
40898;0.7;22.8;0;1.1;;;-0.682196933
40899;7.6;24.9;0;1.1;;;-0.68913295
40900;0.6;25.1;0;1.3;;;-0.68913295
40901;13.4;24.7;0;1.1;;;-0.682196933
40902;9.8;23.8;0;0.7;;;-0.668326953
40903;7.4;18.6;0;1;;;-0.647527112
40904;0.6;20;0;0.5;;;-0.619803567
40905;3.6;21.2;0;0.7;;;-0.585164521
40906;33.6;20;0;1;;;-0.543620225
40907;0;22;0;0.8;;;-0.495182972
40908;16.6;18.6;0;1;;;-0.439867094
40909;26.9;16.8;0;0.4;;;-0.377688963
40910;20.1;18.8;0;0.2;;;-0.308666976
40911;0.2;22;0;0.7;;;-0.232821558
40912;0;24;0;1.4;;;-0.150175154
40913;0;22.4;0;1.8;;;-0.060752219
40914;0;24.9;0;1.5;;;0.035420784
40915;33.4;22;0;0.5;;;0.138315397
40916;1.3;20.4;0;1;;;0.24790117
40917;0;19;0;0.8;;;0.364145677
40918;5.2;15.2;0;0.7;;;0.487014519
40919;13.8;17.6;0;0.3;;;0.616471336
40920;5.1;20.8;0;0.3;;;0.75247782
40921;0;22.2;0;0.6;;;0.894993725
40922;0;20.4;0;0.8;;;1.043976877
40923;11.4;20.2;0;0.7;;;1.199383192
40924;27.1;21.8;0;0.5;;;1.36116668
40925;0;22;0;0.6;;;1.529279469
40926;17;21.8;0;0.7;;;1.70367181
40927;5;21.2;0;0.4;;;1.884292098
40928;13.5;19.8;0;0.6;;;2.071086885
40929;0;22.8;0;0.6;;;2.264000894
40930;19.9;22.6;0;0.6;;;2.462977041
40931;54.4;22;0;0.5;15.5;91.75;2.667956444
40932;0.5;24.7;12.5;1.3;18.12;84.25;2.878878447
40933;0;24.2;12.7;1.8;17.94;82;3.095680634
40934;0;20.4;12.7;2;15.78;91.25;3.318298851
40935;2.2;19.8;11.3;0.7;14.54;96.75;3.546667221
40936;42.5;18;11.1;0.6;14.26;96.75;3.780718166
40937;0.8;19.8;9.7;0.2;14.1;88.75;4.020382426
40938;0;21.8;5.7;1.4;14.54;84.5;4.265589082
40939;0;24;8.3;2.2;14.9;83.75;4.516265572
40940;4.9;22.8;10.7;1.2;16.42;87.5;4.772337718
40941;0.8;25.1;12.3;1.6;18.24;79.25;5.033729743
40942;0;23.8;8.7;2.3;17.02;74.5;5.300364298
40943;0;23.6;7.7;2.7;17.54;65.75;5.57216248
40944;0;24.2;6.1;2.6;16.42;72.5;5.849043861
40945;0;24.2;6.3;2.8;17.66;70;6.130926507
40946;0;26.3;8.9;3.2;18.76;61.25;6.417727004
40947;0;25.3;7.9;5.3;18.28;70;6.709360483
40948;11;26.7;9.3;3;18.88;78;7.005740646
40949;4;25.1;12.3;5.5;18.32;86.25;7.306779788
40950;6;22;11.7;0.5;16.7;92.75;7.612388828
40951;21.4;20.2;10.9;1.9;15.7;93.25;7.92247733
40952;8.9;16.8;10.1;0.3;14.38;96.5;8.236953535
40953;7.2;23.6;8.5;0.2;16.34;81.5;8.555724384
40954;0.4;22.6;7.5;1.3;16.66;76;8.878695547
40955;0;22;6.7;2.5;16.18;82;9.205771453
40956;0;22.8;7.1;2;16.3;89.75;9.536855313
40957;9.5;21.6;10.7;1;17.14;84.25;9.871849156
40958;0;22.2;11.7;1.5;17.54;82.75;10.21065385
40959;0;22.6;12.9;1.3;17.54;88.5;10.55316914
40960;12.4;20.2;12.7;1.4;15.66;86;10.89929367
40961;0;23;12.7;1.7;17.54;82.75;11.24892501
40962;1.2;22.6;14.5;1.3;17.62;89.5;11.6019597
40963;0.3;21.4;12.7;0.9;17.42;94.75;11.95829328
40964;35.3;24.9;13.9;0.7;18.76;89.5;12.3178203
40965;25;25.1;14.7;1.2;19.16;82;12.68043437
40966;0;24.3;14.9;2;18.4;87;13.04602819
40967;23.5;25.1;12.5;1.1;18.08;82;13.41449357
40968;0;26.9;11.7;1.9;18.44;75.75;13.78572147
40969;0;27.7;10.7;4;19.08;75.75;14.15960205
40970;0.6;24.5;12.5;3.5;18.64;81.5;14.53602466
40971;0.4;23.2;13.5;1.9;17.54;88.75;14.91487792
40972;12.7;21.8;12.5;0.8;17.26;89.25;15.29604972
40973;1.9;22;10.7;1.1;16.98;84.25;15.67942727
40974;0.6;22.2;9.9;1.7;15.86;79;16.06489711
40975;0;21.4;9.7;3;15.82;79.25;16.45234518
40976;0;24.3;9.5;2.2;16.92;75;16.84165683
40977;0;23;9.7;2.5;16.5;84;17.23271685
40978;7.4;23.4;10.9;1.5;16.22;90;17.62540952
40979;20;22;10.5;1.3;15.98;93;18.01961865
40980;4.2;21.8;11.3;1;16.14;89;18.41522757
40981;0.9;21.8;11.7;1;16.02;90;18.81211921
40982;1;22.4;11.7;1.2;17.1;83;19.21017614
40983;0;24.7;11.9;1.6;17.68;86.25;19.60928057
40984;20.7;20.4;12.9;1.5;15.82;91.75;20.00931438
40985;4.2;17.2;12.5;0.9;13.98;96.5;20.4101592
40986;2.1;18.8;10.5;0.6;14.06;85.25;20.81169642
40987;0;22.4;8.7;1.6;15.86;75;21.21380722
40988;0;22.4;9.7;1.8;15.66;87.25;21.6163726
40989;0;23.2;10.7;1.5;17.14;75;22.01927343
40990;0;23.4;13.7;2.3;17.58;86.5;22.4223905
40991;6.2;20;13.7;1.3;16.22;92.5;22.82560452
40992;5.3;19.8;13.5;0.7;16.14;95.75;23.22879617
40993;1.5;23.4;11.7;0.7;16.98;85.5;23.63184613
40994;0;24.5;11.7;1.5;17.9;83.25;24.03463513
40995;0;23.8;12.5;2.1;17.9;86.25;24.437044
40996;0;19.6;13.7;1.7;15.62;94.75;24.83895364
40997;9.3;21;12.7;0.5;16.14;90.75;25.24024512
40998;0;21.4;12.3;1.2;16.5;88.25;25.64079971
40999;0;20.8;9.7;1.1;15.02;89.75;26.04049885
41000;0.4;21.2;9.7;1.2;15.38;85;26.43922429
41001;0;22.4;9.7;1.5;15.74;82.25;26.83685803
41002;0;20.6;9.7;1.8;15.22;89;27.23328239
41003;0.7;21.6;12.7;1.2;16.46;86.5;27.62838009
41004;0.6;23.8;10.7;1.5;17.54;78.25;28.02203419
41005;0;22.2;13.5;2.3;18.02;89.5;28.41412821
41006;2.2;24.5;10.9;0.9;17;85.75;28.80454613
41007;0;22.4;11.1;1.6;16.34;84;29.1931724
41008;0.2;21.6;10.9;1.5;16.26;79.75;29.57989204
41009;0;21.4;10.7;2.4;15.86;90.5;29.96459061
41010;9.2;20.8;10.1;1.1;15.34;88.5;30.34715426
41011;0;20.2;10.7;1;15.82;95.5;30.72746979
41012;8.5;21.6;12.7;0.9;16.66;91.25;31.10542466
41013;0.6;21.6;12.7;0.6;17.22;88.5;31.48090702
41014;0;21.4;14.7;1.5;17.06;89;31.85380577
41015;34.9;18.2;12.5;0.8;14.42;93.75;32.22401056
41016;0;19.6;8.7;0.7;14.18;90;32.59141183
41017;0;21.4;10.7;1.2;14.82;90.5;32.95590088
41018;0.2;19.8;8.7;1;13.78;90;33.31736983
41019;0;19.6;8.5;1.1;14.42;88.5;33.67571172
41020;12;17.4;11.3;1.2;13.46;98;34.03082053
41021;29.4;16;10.7;0.3;12.66;96.5;34.38259115
41022;0.4;19.2;10.7;0.4;14.18;90.25;34.73091951
41023;0.3;19.4;7.7;0.6;13.02;89.5;35.07570252
41024;0;19.8;9.7;0.9;14.74;84;35.41683815
41025;0;19;11.7;1.3;16.26;90.25;35.75422547
41026;32.1;19;13.7;1.2;15.58;91.75;36.08776462
41027;0;20.2;11.7;0.8;15.86;89.75;36.41735692
41028;15.9;17;10.7;1;13.38;94.75;36.74290482
41029;19.4;15;0;0.7;12.3;96.25;37.064312
41030;49.7;12.8;0;0.4;8.42;91.75;37.38148335
41031;0;13.6;0;0.4;;84.5;37.694325
41032;1;15.2;0;1.3;;85.75;38.00274439
41033;0;17.8;0;1.4;;85.75;38.30665024
41034;0;18;0;1.4;;90.5;38.60595263
41035;0;16.6;6.5;1.2;11.86;88.75;38.90056299
41036;0;16;8.5;1.5;11.94;81.75;39.19039414
41037;0;17.8;8.3;2.3;11.9;84;39.47536031
41038;0;17.6;5.7;1.3;11.18;84.75;39.75537718
41039;0;16.6;5.9;1.1;11.9;89.25;40.03036188
41040;0;18;6.9;1.1;12.18;85.5;40.30023304
41041;0.3;15.4;8.7;2.1;13.02;86;40.56491081
41042;0.4;16.6;10.5;0.6;13.02;90;40.82431686
41043;0;13;9.7;0.7;11.22;94.25;41.07837443
41044;11.7;13;8.3;0.4;10.54;94;41.32700834
41045;0.2;14.2;7.9;0.5;11.1;86;41.57014502
41046;0;12.8;7.1;1.1;9.34;86;41.80771251
41047;0;15.2;6.9;1;9.86;78.25;42.03964051
41048;0;15.2;3.8;2.7;9.72;;42.2658604
41049;0;14.8;4.8;1.2;9.6;86.25;42.48630524
41050;0;13.8;5.5;0.7;9.66;90;42.70090978
41051;0.2;15.2;4.6;0.7;11.72;92.75;42.90961053
41052;1.8;15.4;5.1;0.7;9.26;91.75;43.11234572
41053;0;15.6;4.9;0.6;10.66;91.75;43.30905537
41054;12;14.8;9.7;0.9;12.7;91.25;43.49968127
41055;1.6;15.6;10.5;0.7;12.54;90.25;43.684167
41056;0.8;17.8;4.6;0.8;11.12;90.75;43.86245797
41057;0;18.2;7.1;0.9;12.54;89.75;44.03450142
41058;0;18.8;7.7;1.1;13.22;90;44.20024646
41059;0.2;18.8;7.7;0.4;12.78;87.5;44.35964401
41060;0;18.8;8.1;1.7;13.38;89.5;44.51264693
41061;0;17.6;10.1;0.7;14.34;93;44.65920993
41062;0.5;17.6;9.7;0.7;14.46;90.75;44.79928964
41063;0;18.6;0;1.2;14.46;71.75;44.93284461
41064;0;19.2;10.9;2.5;15.3;81;45.05983532
41065;13.2;16;12.5;1.6;14.58;88.75;45.18022419
41066;3.4;15.2;12.1;0.4;13.54;;45.2939756
41067;7.5;14.4;8.9;1.2;11.22;;45.40105588
41068;3.3;14.4;8.1;0.3;10.78;;45.50143335
41069;8.5;15.2;7.9;0.2;10.74;;45.59507831
41070;0;16.8;4.9;0.6;11.22;;45.68196304
41071;0.2;15.4;9.5;0.6;11.7;;45.76206183
41072;20.9;16.4;7.3;0.2;11.82;;45.83535098
41073;0;16.6;8.1;0.4;11.86;;45.90180881
41074;0.2;16.8;7.5;0.6;11.98;;45.96141564
41075;0;15.8;5.7;0.7;10.26;;46.01415384
41076;0.2;15.6;4.9;0.7;9.86;;46.06000781
41077;0;16.4;5.5;0.9;10.26;;46.09896397
41078;0;17;7.3;1.3;12.94;;46.13101079
41079;0;16.8;11.3;2.2;13.66;;46.1561388
41080;21.2;14.8;11.3;1.2;13.62;;46.17434055
41081;24.3;16.4;11.7;0.5;13.7;;46.18561067
41082;45.1;16.6;10.1;0.4;13.22;;46.18994581
41083;0;15.6;6.1;1.1;9.9;;46.18734469
41084;0.3;16.8;4.9;0.8;10.62;;46.17780809
41085;0;16.6;6.7;0.7;11.22;;46.16133882
41086;0;15.6;6.7;1.1;10.62;90.75;46.13794176
41087;0.2;14.6;4.6;0.7;9.16;88.5;46.10762383
41088;0;16.6;0;0.9;;90;46.070394
41089;0;15.4;5.5;2.1;10.34;89.5;46.0262633
41090;0;16.6;6.7;0.8;11.02;83.75;45.97524477
41091;0;17.2;5.1;1.6;10.1;89;45.91735352
41092;0.2;17.6;5.5;1;10.58;87.75;45.85260668
41093;0.2;17.6;5.3;1;10.3;89.25;45.7810234
41094;0;15.6;5.7;0.6;10.3;84.25;45.70262488
41095;0;17;6.7;1.3;10.38;85.5;45.6174343
41096;0;15.6;5.1;1.3;10.66;85;45.52547688
41097;0;17.6;6.7;1;12.38;85.5;45.42677983
41098;8.1;14;6.9;1.4;9.1;94.75;45.32137236
41099;0.5;13.6;3.3;0.3;8.9;91.5;45.20928566
41100;0;15.6;1.8;0.7;8.04;87.5;45.09055289
41101;0;17.4;6.1;1;11.3;83.75;44.96520919
41102;0;16.4;9.1;1.7;12.86;81.5;44.83329165
41103;22.6;13.8;5.5;1.3;8.18;75.5;44.69483932
41104;0;15.8;-0.2;1.5;6.92;76.5;44.54989315
41105;0;14.8;0.6;1.5;7.84;84.5;44.39849604
41106;2.2;11.7;7.3;0.7;9;94.75;44.24069279
41107;11.8;12.6;7.5;0.3;10.58;95.75;44.07653011
41108;21;12.1;4.4;0.5;7.18;85;43.90605656
41109;0;13.4;1.4;1;6.92;87.75;43.72932259
41110;0.3;15;0.6;0.6;6.72;84;43.5463805
41111;0;17;3.6;2.6;11.28;55;43.35728443
41112;0;19.4;7.3;4.2;13.5;70.25;43.16209033
41113;0;18.8;9.1;2.6;13.26;85.5;42.96085597
41114;0;18.8;7.1;1.3;13.5;75.75;42.75364089
41115;0;19.2;7.1;1.8;12.9;75.75;42.54050641
41116;0;19.4;8.1;2.4;12.54;76.75;42.3215156
41117;0;19.4;6.5;3.3;12.7;78;42.09673326
41118;0;20.2;6.7;1.7;12.3;79.5;41.86622592
41119;0;18;7.3;2.3;11.86;77;41.63006177
41120;0;17.4;5.1;0.9;11.26;89.75;41.38831072
41121;0;14.6;9.5;0.9;11.78;85.5;41.14104428
41122;0;17.2;5.7;3.1;10.94;86.25;40.88833564
41123;0;17.8;6.5;1.1;11.5;87.25;40.63025958
41124;0;18;7.1;0.9;12.06;83.25;40.36689245
41125;0;19;7.3;1.6;13.06;81;40.09831221
41126;0;17.2;6.5;1.6;12.18;88;39.82459832
41127;0;14.2;6.1;1.2;9.1;77.75;39.54583178
41128;0;17.2;2.2;1.7;9.76;76.25;39.26209509
41129;0;17.8;3.2;2;10.2;83.5;38.9734722
41130;0;18.2;3.6;1.5;10.68;86;38.68004853
41131;0;17.8;3.6;1;10.44;83.25;38.3819109
41132;0;17.2;8.5;1.5;11.3;78.75;38.07914753
41133;0;17.4;6.5;2.7;11.1;72.5;37.77184802
41134;0;18.8;4.4;2;12.44;70;37.46010331
41135;0;19.2;7.1;2.5;12.46;79;37.14400564
41136;0;19;8.7;1.6;12.62;76.75;36.82364855
41137;0;18.8;7.1;2;12.42;83.75;36.49912684
41138;0;19;5.3;1.7;11.3;85.75;36.17053655
41139;0;18.4;5.5;1.7;11.34;76.5;35.8379749
41140;0;18.6;4.6;2.7;11.64;81.5;35.50154031
41141;0;19;4.6;1.6;11.2;67;35.16133233
41142;0;19.2;4.8;2.5;11.92;68.5;34.81745164
41143;0;19.8;6.7;2.9;13.18;62;34.47
41144;0;18.2;0.8;5.8;10.32;71.25;34.11908022
41145;0;19;6.1;2.4;12.1;75.25;33.76479615
41146;0;18.8;4.8;2.4;12.12;70.5;33.40725262
41147;0;19.6;0;3;12.46;71.75;33.04655544
41148;0;18.8;6.7;2.5;13.06;81.5;32.68281134
41149;0;19.2;6.9;1.6;11.94;87.5;32.31612797
41150;9.8;16.2;6.9;0.3;10.7;89.5;31.94661382
41151;0;13.8;6.7;2.1;9.62;81.25;31.57437825
41152;0;21;2.8;1.5;12.12;74.25;31.1995314
41153;0;23.2;4.4;2.7;13.96;68.75;30.8221842
41154;0;22.8;6.3;3.3;14.22;71.75;30.44244831
41155;0;18.8;7.1;3.7;12.54;63.75;30.0604361
41156;0;19.2;8.1;2.8;12.3;87;29.67626062
41157;0;22.2;6.7;1.4;13.88;73.25;29.29003554
41158;0;23.6;7.3;2.8;15.18;75.5;28.90187516
41159;0;23;8.1;2.3;15.9;69.5;28.51189435
41160;0;24.2;8.7;3.3;15.7;70;28.12020849
41161;0;23.4;11.9;3.4;16.34;63.75;27.72693351
41162;0;24.2;8.3;3.9;16.62;54.25;27.33218577
41163;0;23.6;9.9;4.9;16.18;64.25;26.93608209
41164;0;24;9.3;3.5;16.5;69.25;26.53873967
41165;0;22;11.7;4.1;15.42;86.75;26.14027611
41166;0;23.8;8.7;1.5;15.62;74.5;25.74080932
41167;0;23.2;9.5;2.7;15.94;67.25;25.34045749
41168;0;24.5;9.3;2.4;16.52;69.75;24.9393391
41169;0;25.1;8.7;3.1;17.16;67.5;24.53757286
41170;0;27.1;9.5;3.5;18.56;59.5;24.13527764
41171;0;26.5;13.9;5.4;21.24;42.75;23.7325725
41172;3;22.4;12.5;5.3;16.3;86.75;23.3295766
41173;7.3;16.6;9.7;1.2;12.58;94.75;22.92640919
41174;10.1;17.6;8.5;0.4;11.54;86.75;22.52318958
41175;0;19.6;6.7;1.2;12.34;83.75;22.12003709
41176;0;18.2;9.3;1.4;13.38;92.75;21.71707101
41177;0;19.8;11.3;0.8;15.18;86.75;21.31441059
41178;16.1;14.2;1.4;1.4;6.64;80.25;20.91217499
41179;3.2;8.5;0.4;0.3;5.1;84;20.51048323
41180;0;14;1.2;1.2;7.36;76.75;20.10945418
41181;0;19.4;1.6;2.3;10.56;66.5;19.70920651
41182;0;22.2;3.6;2.6;12.96;66.25;19.30985866
41183;0;25.1;4.8;3.1;15.42;65;18.9115288
41184;0;24.7;9.1;3.5;17.84;65.5;18.5143348
41185;0;26.9;9.1;4.4;18.2;69;18.11839421
41186;0;25.9;10.5;4.1;17.68;73.25;17.72382419
41187;0;24.9;10.5;2.9;16.88;83.5;17.33074149
41188;24.5;23.6;10.1;2;15.98;77.25;16.93926244
41189;0;23.4;8.5;2.1;16.58;69;16.54950287
41190;0;22.4;8.5;3.5;17.94;74.25;16.16157814
41191;0;24.2;7.9;3.3;15.94;66;15.77560302
41192;0;25.9;8.7;3.2;17.08;64.75;15.39169174
41193;0;21.2;9.5;3.8;15.9;79.75;15.00995791
41194;10;17.4;9.7;1.7;12.7;95;14.63051447
41195;37.6;14.4;9.5;0.3;11.78;93.25;14.25347372
41196;1.1;16.6;9.1;0.6;12.14;93.75;13.87894723
41197;0;21.8;0;0.9;;;13.50704583
41198;0;22.2;0;2.5;;;13.13787957
41199;9.8;18.4;0;2.8;;;12.77155769
41200;3;23.4;0;0.4;;;12.40818859
41201;0;23.2;0;2;;;12.04787979
41202;3.7;22.8;0;2.2;;;11.69073793
41203;3.5;24.7;0;2.3;;;11.33686868
41204;0;25.5;0;2.6;;;10.98637676
41205;5.9;21.8;0;2.8;;;10.63936589
41206;13.2;21.4;0;1;;;10.29593875
41207;0;26.9;0;1.2;;;9.956196959
41208;0;27.1;0;2.1;;;9.620241066
41209;46.5;28.3;0;1.8;;;9.288170479
41210;0;26.3;0;2.6;;;8.960083464
41211;6.5;28.1;0;1.8;;;8.636077107
41212;0;29.3;0;3.3;;;8.316247288
41213;0;29.3;0;3.7;;;8.000688647
41214;13.2;24.2;0;4.5;;;7.689494566
41215;0;20.4;0;1.6;;;7.38275713
41216;0;22.6;0;0.6;;;7.080567109
41217;2.5;23;0;1;;;6.783013924
41218;0;23.8;0;1.4;;;6.490185628
41219;0;22.4;0;2.1;;;6.202168873
41220;0;21.6;0;2;;;5.919048887
41221;0;23.2;0;1.2;;;5.64090945
41222;0;17.8;0;2.3;;;5.367832869
41223;31;19.2;0;0.2;;;5.09989995
41224;10.6;21.8;0;0.3;;;4.83718998
41225;0.4;22.2;0;1;;;4.579780699
41226;0.9;17.4;0;0.7;;;4.327748278
41227;5;15.6;0;0.3;;;4.081167297
41228;0;18.4;0;0.7;;;3.840110725
41229;7.3;19.6;0;0.5;;;3.604649893
41230;1.7;17.6;0;1;;;3.374854478
41231;0;22.6;0;1.8;;;3.15079248
41232;0;22.2;0;2.5;;;2.932530203
41233;28.8;22.2;0;1.8;;;2.720132234
41234;1.3;22.8;0;1.7;;;2.513661426
41235;0;24.7;0;3.7;;;2.313178875
41236;0;26.5;0;3.1;;;2.118743909
41237;0;25.3;0;4.8;;;1.930414063
41238;40.2;19.8;0;1.4;;;1.748245068
41239;1.6;20.4;0;0.4;;;1.57229083
41240;0;20.2;0;1.4;;;1.402603417
41241;4.7;22.4;0;0.6;;;1.239233042
41242;6.6;24.2;0;1.4;;;1.082228049
41243;0;25.5;0;5.2;;;0.931634898
41244;0;25.3;0;2.9;;;0.787498152
41245;1;23.8;0;2.1;;;0.649860464
41246;4.8;23;0;1.8;;;0.518762563
41247;0;26.1;0;2.2;;;0.394243243
41248;5.8;25.1;0;1.9;;;0.276339351
41249;17.4;24.9;0;1.1;;;0.165085777
41250;5.7;26.1;0;1.4;;;0.060515442
41251;47.5;24.2;0;3.5;;;-0.03734071
41252;0;26.7;0;1.3;;;-0.12845372
41253;3.6;26.1;0;1.6;;;-0.212796628
41254;3.4;25.1;0;2.5;;;-0.290344475
41255;3.7;26.5;0;1.5;;;-0.361074314
41256;0.4;24.3;0;1.5;;;-0.424965214
41257;2.6;22.8;0;1.5;;;-0.481998269
41258;54.4;19.4;0;0.8;;;-0.532156601
41259;5.9;19.8;0;0.7;;;-0.575425369
41260;4.2;20.4;0;1.1;;;-0.611791769
41261;3.7;24.9;0;0.6;;;-0.641245038
41262;0;25.1;0;1.8;;;-0.663776462
41263;22.8;26.5;0;1.3;;;-0.679379372
41264;0.6;26.9;0;2.2;;;-0.688049152
41265;0;22.6;0;2.6;;;-0.689783236
41266;13.3;22.4;0;1.7;;;-0.684581112
41267;15.3;23.4;0;0.7;;;-0.672444318
41268;3.4;26.9;0;1.5;;;-0.653376445
41269;28.5;25.1;0;1.6;;;-0.627383137
41270;0;26.5;0;1.8;;;-0.594472086
41271;6.5;23.6;0;1.2;;;-0.554653029
41272;0;25.5;0;1;;;-0.507937751
41273;14.4;22.6;0;2;;;-0.454340074
41274;22.4;25.7;0;1.1;;;-0.39387586
41365;0;23.2;0;1.3;;;26.33964067
41366;0;20.8;0;1.5;;;26.73755838
41367;13.6;19.2;0;0.7;;;27.1342961
41368;1.5;20.2;0;0.5;;;27.52973644
41369;0.5;17.2;0;0.8;;;27.92376238
41370;21.7;22.2;0;0.2;;;28.31625732
41371;0;21.6;0;1;;;28.70710511
41372;1;20.2;0;0.8;;;29.0961901
41373;12.8;18.8;0;0.7;;;29.48339715
41374;0;18.8;0;0.7;;;29.86861168
41375;0;20.6;0;0.5;;;30.2517197
41376;6.1;20.2;0;0.5;;;30.63260784
41377;2.3;18;0;0.5;;;31.01116338
41378;21.3;16.6;0;0.3;;;31.38727432
41379;0.6;18.6;0;0.3;;;31.76082935
41380;0;18.8;0;0.9;;;32.13171793
41381;0;16;6.9;2;;;32.4998303
41382;0;17.8;6.1;1.2;;;32.86505755
41383;0;18.4;7.9;1.3;;;33.22729159
41384;0;16.6;9.7;1;;;33.58642523
41385;0;16.6;9.7;0.8;;;33.94235219
41386;0;15.2;9.7;2.2;;;34.29496716
41387;0;17;6.7;1.5;;;34.64416579
41388;0;16.2;5.7;1.2;;;34.98984474
41389;0;17.2;5.3;1.3;;;35.33190173
41390;0;17.8;5.3;1.2;;;35.67023552
41391;0;17.6;5.5;0.3;;;36.00474602
41392;0;18.6;7.1;;;;36.33533422
41393;0;17.8;8.5;1.6;;;36.6619023
41394;0;20.6;8.5;0.8;;;36.98435362
41450;0;;12;;;93.5;46.16610584
41456;8;16.8;10.2;0.2;;;45.93246975
41457;20;14.6;8.2;0.2;;;45.86943509
41458;0.2;16.2;6.2;0.5;;;45.79955901
41459;0;17;5.8;0.6;;;45.7228622
41460;0;18.4;6.6;0.8;;;45.63936735
41461;0;18.2;4.4;2.2;;;45.54909917
41462;0;17.8;3.4;1.8;;;45.45208437
41463;0;15.8;4.4;2.1;;;45.34835166
41464;6.2;14.8;9;0.8;;;45.23793173
41465;0;16;6.6;0.5;;;45.12085726
41466;0;14.8;3.8;0.5;;;44.99716289
41467;0;15.6;4;0.9;;;44.86688523
41468;0;17.2;9;1.3;;;44.73006283
41469;0;17.2;9;1.3;;;44.58673617
41470;1.2;17.4;6.8;0.6;;;44.43694768
41471;0;16.6;7.8;1.6;;;44.28074166
41472;0;17.6;4.8;1.3;;;44.11816435
41473;0;18.4;8;3.1;;;43.94926386
41474;0;19.4;8.6;2.8;;;43.77409017
41475;9;18.2;11.4;1.3;;;43.59269511
41476;0;19.6;13.4;2.8;;;43.40513236
41477;0;21;15.6;4.5;;;43.21145742
41478;0;11.3;8.4;1.9;;;43.01172761
41479;8.7;11.7;3;0.1;;;42.80600203
41480;30.7;8.5;4;0.3;;;42.59434155
41481;3.6;9.1;3.2;0.2;;;42.37680882
41482;0.3;13.6;2.8;0.4;;;42.15346819
41483;0.2;17.4;1.8;1.2;;;41.92438577
41484;0;16.4;4.2;2.1;;;41.68962934
41485;0;18.6;3.6;3;;;41.44926837
41486;0;18.8;4;2.6;;;41.20337398
41506;2;;2.8;;;86.75;35.24673259
41518;0;22.4;6.5;3.5;;;30.91674931
41519;0;22;6.3;4.4;;;30.53760009
41520;0;19.6;8.5;3.6;;;30.15614639
41521;21.6;13.2;8.3;1.5;;;29.77250109
41522;6.4;17.6;8.9;0.5;;;29.38677772
41523;0;16.8;5.5;0.5;;;28.99909042
41524;0;19.8;5.3;1.4;;;28.60955392
41525;0;20;5.3;1.9;;;28.21828347
41526;0;21.2;6.3;2.1;;;27.82539488
41527;0;21.6;7.3;2.8;;;27.43100439
41528;0;20;7.5;2.6;;;27.03522872
41529;0;20.4;7.3;1.6;;;26.63818498
41530;0;20.6;6.3;3.1;;;26.23999067
41531;0;23;7.7;2.8;;;25.84076361
41532;0;22;8.1;3.2;;;25.44062194
41533;0;24;9.1;3.2;;;25.03968408
41534;2.4;17.8;12.1;2.8;;;24.63806866
41535;11.2;19.2;12.1;0.5;;;24.23589453
41536;0;20.6;13.9;0.5;;;23.8332807
41537;0;24;11.7;1.2;;;23.43034631
41538;0;24.2;12.9;2.3;;;23.0272106
41539;0;24.7;0;4.8;;;22.62399285
41540;3.6;20.8;14.1;2.7;;;22.22081239
41541;0;19;12.9;1;;;21.81778853
41542;1.6;13.4;5.3;1.8;;;21.41504052
41543;0.5;16;3.6;1.1;;;21.01268755
41544;0;21;1.6;1.8;;;20.61084868
41545;0;25.7;6.3;3.1;;;20.20964282
41546;8.5;15.8;9.9;3.9;;;19.80918869
41547;0.3;17.8;11.3;0.7;;;19.40960479
41548;3.6;21.6;12.5;0.9;;;19.01100937
41549;16.5;21.4;12.1;1.5;;;18.61352038
41550;1.7;21.8;12.3;0.9;;;18.21725544
41551;58.6;16.8;11.7;0.8;;;17.82233181
41552;3.3;16.6;11.7;0.5;;;17.42886636
41553;0;16.6;5.5;0.8;;;17.03697551
41554;0;13;6.7;1.9;;;16.64677524
41555;0;17;6.1;0.6;;;16.25838102
41556;0.4;18.4;4.8;1;;;15.87190777
41557;0;18;5.7;1.2;;;15.48746985
41558;0;21.2;4.9;1.8;;;15.10518104
41559;0;18.6;6.1;3;;;14.72515445
41560;0;22.4;8.9;2.2;;;14.34750254
41561;0.7;23;11.3;2.6;;;13.97233707
41562;8.2;22;12.1;0.7;;;13.59976905
41563;12.6;16.4;11.3;1.6;;;13.22990873
41564;7.9;16.8;12.7;0.3;;;12.86286555
41565;6.7;15.8;10.9;0.2;;;12.49874814
41566;10;22.2;7.1;0.4;;;12.13766424
41567;0;23.6;8.1;1.9;;;11.7797207
41568;0;26.1;10.5;4;;;11.42502344
41569;31.8;23.2;12.5;2.9;;;11.07367743
41570;0;24.3;13.9;1.4;;;10.72578663
41571;1.5;25.3;12.5;1.4;;;10.38145398
41572;0;21.2;12.5;2.6;;;10.04078139
41573;0;24.2;12.1;1;;;9.703869656
41574;0;22.2;15.3;3.5;;;9.370818484
41575;5.3;19.2;7.7;1.4;;;9.041726428
41576;0;22.4;9.1;1.5;;;8.716690871
41577;0;22;11.3;1.6;;;8.395807995
41578;0;18.4;12.1;1.5;;;8.079172756
41579;0;22;10.1;0.9;;;7.76687885
41580;0;22.6;10.5;1.4;;;7.459018692
41581;0;25.1;9.3;2.4;;;7.15568338
41582;0;21;11.5;3.4;;;6.856962678
41583;26.5;15.6;12.3;1.3;;;6.562944981
41584;5.1;14.2;10.3;0.3;;;6.273717294
41585;18.5;18;10.7;0.3;;;5.989365205
41586;2.5;21.6;8.9;0.8;;;5.709972857
41587;0;22.8;8.1;1.1;;;5.435622927
41588;0;25.5;9.9;2.8;;;5.166396599
41589;0;27.5;11.3;3.7;;;4.902373543
41590;1;24.7;16.7;3.5;;;4.643631887
41591;0;20.6;12.3;2.3;;;4.390248196
41592;0;22;9.1;3.6;;;4.142297452
41593;0;25.1;8.9;3.4;;;3.899853025
41594;0;25.3;12.7;3.6;;;3.662986661
41595;2.9;18;13.3;2;;;3.431768451
41596;12.7;20.8;12.3;0.3;;;3.206266816
41597;0;24.3;11.9;1.3;;;2.986548487
41598;0.4;24.7;13.3;2.1;;;2.772678481
41599;1.2;26.5;12.9;2.4;;;2.564720085
41600;12.7;20.2;13.3;2;;;2.362734839
41601;9;17;12.9;0.7;;;2.166782512
41602;18.2;18.4;11.5;0.4;;;1.976921091
41603;8.7;16.4;12.5;0.6;;;1.793206758
41604;27.7;18;11.9;0.3;;;1.615693877
41605;24.5;20.2;11.3;0.1;;;1.444434977
41606;0;24;14.3;0.9;;;1.279480737
41607;0;25.7;15.3;2.1;;;1.120879969
41608;15.1;22;15.1;1.5;;;0.968679606
41609;11.3;21.4;14.9;0.6;;;0.822924685
41610;21.8;21.8;14.7;0.8;;;0.683658339
41611;7.6;23.4;15.3;0.8;;;0.550921779
41612;0;26.3;11.3;2.9;;;0.424754283
41613;0;26.9;13.9;3.8;;;0.305193186
41614;31.2;22.6;11.3;3;;;0.192273869
41615;0;24.3;10.9;1.5;;;0.086029746
41616;0.5;24.2;13.7;2.3;;;-0.013507744
41617;5;24.9;14.9;1.3;;;-0.106309146
41618;1.3;22.4;15.9;2.2;;;-0.192346998
41619;49.2;18.2;14.7;0.8;;;-0.27159584
41620;5.6;17.2;12.3;0.7;;;-0.344032222
41621;1.3;23.2;11.3;0.6;;;-0.409634708
41622;0;23.4;10.5;1.6;;;-0.468383886
41623;0;24;11.3;2.1;;;-0.52026237
41624;1.7;23.2;9.3;2.4;;;-0.565254809
41625;0;20.8;8.3;1.8;;;-0.603347889
41626;0;21.8;11.1;2.1;;;-0.634530338
41627;2.5;21.4;12.3;1.8;;;-0.658792928
41628;0.3;22.8;10.9;1.7;;;-0.67612848
41629;0.8;20.8;11.9;1.5;;;-0.686531863
41630;11.3;21.2;12.7;0.9;;;-0.69
41631;3.3;20.8;13.3;1.4;;;-0.686531863
41632;2.6;20.4;14.1;0.4;;;-0.67612848
41633;8.2;21.8;15.1;0.5;;;-0.658792928
41634;16.7;26.7;11.7;0.8;;;-0.634530338
41635;0;27.5;11.1;3.9;;;-0.603347889
41636;0;24.9;12.5;4.6;;;-0.565254809
41637;21.9;23.4;15.3;1.2;;;-0.52026237
41638;32;22;15.7;1.3;;;-0.468383886
41639;8.1;22.4;14.5;0.5;;;-0.409634708
41641;1.6;26.7;0;;;;-0.27159584
41642;0;28.5;14.7;2.5;;;-0.192346998
41643;0;26.1;15.1;3.5;;;-0.106309146
41644;40.2;24.7;15.7;1.6;;;-0.013507744
41645;0.3;24.7;8.1;2.9;;;0.086029746
41646;0;24.3;11.5;5;;;0.192273869
41647;0;24.3;11.7;2;;;0.305193186
41648;1.2;24;11.7;2;;;0.424754283
41649;1.2;25.7;12.5;2.6;;;0.550921779
41650;4.5;25.7;12.1;1.8;;;0.683658339
41651;4.2;25.7;14.7;2.1;;;0.822924685
41652;0;26.1;14.3;1.5;;;0.968679606
41653;0;26.1;14.5;2.5;;;1.120879969
41654;0.5;27.3;13.5;2.5;;;1.279480737
41655;0;22.2;13.5;2.9;;;1.444434977
41656;0;22.2;12.3;1.6;;;1.615693877
41657;14.6;23;11.5;0.5;;;1.793206758
41658;2;24.3;10.7;2.4;;;1.976921091
41659;2;22.2;12.7;1.6;;;2.166782512
41660;3;24.9;14.3;2.2;;;2.362734839
41661;0;25.3;13.9;2.3;;;2.564720085
41662;1.2;24.7;14.5;2.5;;;2.772678481
41663;0;23.4;13.1;1.5;;;2.986548487
41664;2.6;26.3;10.7;1.6;;;3.206266816
41665;0;24.2;13.5;2.7;;;3.431768451
41666;1.8;24.9;11.9;1.7;;;3.662986661
41667;0;25.7;10.1;3.3;;;3.899853025
41668;1.1;25.9;9.3;2.7;;;4.142297452
41669;0;25.1;9.9;5.3;;;4.390248196
41670;0;26.1;10.9;5;;;4.643631887
41671;0;25.5;10.7;4.5;;;4.902373543
41672;0;27.1;12.5;4.4;;;5.166396599
41673;3.3;27.3;12.7;1.9;;;5.435622927
41674;0;26.3;13.9;3.5;;;5.709972857
41675;0;27.5;14.3;3.3;;;5.989365205
41676;0;27.1;11.7;5.3;;;6.273717294
41677;0.6;25.5;11.3;3.5;;;6.562944981
41678;0;26.1;12.7;3;;;6.856962678
41679;0.7;25.7;11.9;2;;;7.15568338
41680;0;26.5;11.3;3.5;;;7.459018692
41681;0;25.7;12.3;5;;;7.76687885
41682;0;24.7;10.9;4.8;;;8.079172756
41683;0;23.4;12.1;3;;;8.395807995
41684;2.4;23.4;13.9;2.7;;;8.716690871
41685;0;21.6;13.9;1.9;;;9.041726428
41686;45.3;18.2;14.1;0.4;;;9.370818484
41687;11.7;20.2;12.9;0.2;;;9.703869656
41688;24.5;20.4;11.9;0.9;;;10.04078139
41689;0;20.4;10.3;1.6;;;10.38145398
41690;0;23;9.3;1.5;;;10.72578663
41691;0;23;9.5;2.6;;;11.07367743
41692;0;23.8;13.9;3.1;;;11.42502344
41693;0;24.7;12.5;2.6;;;11.7797207
41694;0;24.7;14.3;2.3;;;12.13766424
41695;0;22.2;14.4;2.4;;;12.49874814
41696;22.2;24;12.1;1;;;12.86286555
41697;0;25.9;12.3;1.5;;;13.22990873
41698;5.3;21.2;14.5;3.2;;;13.59976905
41730;0.7;22.8;11.7;0.8;;;26.23999067
41731;11.7;20;12.3;0.9;;;26.63818498
41732;0.6;20.4;11.5;0.6;;;27.03522872
41733;0;20.4;13.1;1;;;27.43100439
41734;0.9;23.4;8.5;1.4;;;27.82539488
41735;0;23.6;8.1;1.9;;;28.21828347
41736;0;23.6;8.9;2.5;;;28.60955392
41737;0;22.6;9.1;2.6;;;28.99909042
41738;0;23.8;9.7;2;;;29.38677772
41739;0;24.3;11.5;2.5;;;29.77250109
41740;0;23.4;9.3;2.2;;;30.15614639
41741;0;21.4;13.9;2;;;30.53760009
41742;16.6;22;13.3;0.9;;;30.91674931
41743;24.8;16.8;13.9;1;;;31.29348187
41744;3.2;16;10.9;0.4;;;31.66768627
41745;11.6;18.6;11.5;0.2;;;32.03925178
41746;0.5;20.2;10.9;0.5;;;32.40806845
41747;0;20.8;10.9;0.8;;;32.77402715
41748;0;22;10.7;1.7;;;33.13701957
41749;0;20.8;12.7;1.6;;;33.49693831
41750;0.2;20.6;11.9;1.2;;;33.85367685
41751;0;19.8;9.3;1.2;;;34.20712964
41752;0;18.6;13.3;0.8;;;34.55719208
41753;1.2;15.2;12.7;1;;;34.90376058
41754;7.6;16;10.5;0.3;;;35.24673259
41755;0;15.2;8.1;1;;;35.58600662
41756;0;14.8;6.1;1.4;;;35.92148226
41757;0;14;8.7;1.1;;;36.25306025
41758;0;15.6;3.4;1;;;36.58064247
41759;0;17;4.2;1.5;;;36.90413198
41821;0;16.4;7.9;2.3;;;45.94715721
41822;0;19;4.9;2.9;;;45.8858359
41823;0;19.8;7.1;2;;;45.81766832
41824;0;19.8;6.7;2.1;;;45.74267464
41825;0;19;6.9;3.2;;;45.66087707
41826;0;16.2;7.3;2.5;;;45.57229979
41827;0;17.4;6.5;2;;;45.47696903
41828;0;12.8;9.3;1.5;;;45.374913
41829;4.4;15.4;7.7;0.3;;;45.26616188
41830;12;13.2;9.1;0.2;;;45.15074788
41831;10;13;7.9;0.2;;;45.02870513
41832;0;14.2;5.1;0.3;;;44.90006976
41833;0;14.4;3.4;0.5;;;44.76487982
41834;0;14.2;3.2;0.5;;;44.62317532
41835;0;14.4;2.6;1;;;44.47499821
41836;0;15.4;3.6;0.8;;;44.32039231
41837;0;17.2;5.3;1.2;;;44.15940339
41838;0;16.2;6.9;1.5;;;43.99207908
41839;0.2;14.2;6.7;1.7;;;43.8184689
41840;0;15.4;2.2;0.6;;;43.63862422
41841;0;17.2;2.2;1.2;;;43.45259826
41842;0;17.6;4;2;;;43.26044607
41843;0;15.8;4.2;1.9;;;43.06222451
41844;0;15.6;4.6;2.6;;;42.85799223
41845;18.1;11.9;10.1;1.2;;;42.64780967
41846;0.2;12.4;7.5;0.2;;;42.43173904
41847;0.5;13;7.9;0.4;;;42.20984425
41848;1;14.2;7.9;0.5;;;41.98219099
41849;0;14.2;7.3;0.5;;;41.74884662
41850;0;14.6;3.6;0.4;;;41.50988018
41851;0.3;15.6;3.4;1.1;;;41.26536239
41852;0;17.6;3.2;1.3;;;41.0153656
41853;0;19;5.4;2.2;;;40.7599638
41854;0;19.6;5.8;1.1;;;40.49923256
41855;0;21;7;4.5;;;40.23324904
41856;1.8;12.8;9.8;4;;;39.96209194
41857;0.7;18.6;2.8;2.4;;;39.68584151
41858;0;19.6;1.4;5;;;39.40457949
41859;0;17.6;7.6;4.5;;;39.11838912
41860;0;16.6;9.2;2.8;;;38.82735507
41861;0;16.8;7.8;0.8;;;38.53156347
41862;0;18.8;5;1.4;;;38.23110186
41863;0;21.2;5;2.8;;;37.92605914
41864;0;18.4;9.4;3.6;;;37.61652558
41865;7.6;12.8;3.8;0.8;;;37.30259277
41866;0.7;18.2;5.2;0.6;;;36.98435362
41867;0;18.8;7.8;0.7;;;36.6619023
41868;4;17.6;9.4;1;;;36.33533422
41869;6.6;17.6;6;1;;;36.00474602
41870;0.3;17;5;0.6;;;35.67023552
41871;0;19;4.4;1.7;;;35.33190173
41872;0;21.4;5;1.7;;;34.98984474
41873;0;21.2;5.6;2.5;;;34.64416579
41874;0;21.6;6;2.7;;;34.29496716
41875;0;21.4;8.2;3.1;;;33.94235219
41876;0;23;6.6;4.2;;;33.58642523
41877;0;22.2;8.8;5.5;;;33.22729159
41878;0;19.6;11.4;3.9;;;32.86505755
41879;0;19;8.2;1.8;;;32.4998303
41880;0.6;19.6;4.8;1.3;;;32.13171793
41881;0;22.2;6;1.5;;;31.76082935
41882;0;22;7.6;2;;;31.38727432
41883;7;21.4;10.3;2.3;;;31.01116338
41884;0;24.3;8.3;2.1;;;30.63260784
41885;27;20.8;10.3;3.3;;;30.2517197
41886;1.3;13.8;8.7;1.3;;;29.86861168
41887;0;18.2;5.7;1;;;29.48339715
41888;0;19;4;2;;;29.0961901
41889;0;21.8;5.3;2.9;;;28.70710511
41890;0;21.8;9.9;3.3;;;28.31625732
41891;0;21.8;5.7;2.3;;;27.92376238
41892;0;22.6;9.9;5.6;;;27.52973644
41893;0;23.2;7.9;4;;;27.1342961
41894;0;22.8;7.9;6.9;;;26.73755838
41895;0;23.8;5.3;7.3;;;26.33964067
41896;0;23.6;6.7;4.7;;;25.94066074
41897;0;24.3;8.3;5.2;;;25.54073663
41898;0;22.6;11.9;4.1;;;25.1399867
41899;0;23.8;8.7;2.2;;;24.73852954
41900;0;24.7;9.3;2.2;;;24.33648394
41901;0;23;12.7;2.7;;;23.93396887
41902;7.4;19.8;12.5;3.3;;;23.53110344
41903;8;15.8;11.9;0.6;;;23.12800688
41904;2.1;15;6.3;0.7;;;22.72479845
41905;0;25.3;3;2.4;;;22.32159749
41906;0;25.1;7.9;4.9;;;21.91852329
41907;0;20;10.7;3.3;;;21.51569515
41908;0.9;20;13.3;2.4;;;21.11323225
41909;15.4;19.8;11.7;1.3;;;20.7112537
41910;0.4;22.8;11.3;0.7;;;20.30987844
41911;0;23.8;13.9;1.8;;;19.90922526
41912;0;25.1;13.3;2.2;;;19.50941271
41913;2.7;22;15;1.6;;;19.1105591
41914;6.7;15.8;10.6;1;;;18.71278246
41915;0;13.6;5.2;1.2;;;18.3162005
41916;0;12.4;4.6;1.5;;;17.92093057
41917;0;16.4;2.4;2;;;17.52708964
41918;0;21;1.4;2.5;;;17.13479425
41919;0;19;4.8;3;;;16.7441605
41920;0;20;4.6;2.5;;;16.35530396
41921;0;24.3;6.6;3.7;;;15.96833972
41922;0;27.5;8.2;4.8;;;15.58338229
41923;0;26.5;9.6;5;;;15.20054557
41924;0;28.3;10.4;6;;;14.81994285
41925;0;28.1;11.4;6.1;;;14.44168677
41926;0;27.3;12.8;6.2;;;14.06588925
41927;0;27.5;13.6;6.1;;;13.6926615
41928;0;29.3;11.2;4.1;;;13.32211396
41929;0;29.7;13.2;5.1;;;12.95435628
41930;0;28.1;13.2;5.2;;;12.5894973
41931;0;29.5;13.6;3.7;;;12.22764497
41932;8.6;20.6;12.8;4.5;;;11.86890637
41933;4;16;11.2;0.6;;;11.51338766
41934;0;21.8;8.6;0.9;;;11.16119405
41935;0;24.7;9.4;1.2;;;10.81242975
41936;0;24.5;10.2;2.8;;;10.46719797
41937;8.2;18.6;13.2;1.6;;;10.12560087
41938;0;19.6;12.8;1;;;9.787739536
41939;26.6;20.8;11.2;1.1;;;9.45371394
41940;0;21.8;3.8;2.6;;;9.123622929
41941;0;22.6;6.6;4.6;;;8.797564182
41942;0;25.7;10.2;3.6;;;8.475634186
41943;0;23;15;3;;;8.157928204
41944;30.4;24;13.6;1.2;;;7.844540251
41945;4.3;24.3;13.4;0.8;;;7.535563063
41946;0;25.3;13.2;1.8;;;7.231088072
41947;0;22.8;14.6;2.5;;;6.931205376
41948;2.8;21.4;14.6;2.2;;;6.636003717
41949;7.1;23.4;13.2;0.8;;;6.345570448
41950;0.7;24.7;10.6;1.2;;;6.059991513
41951;28.5;21.8;12.8;2.4;;;5.779351421
41952;0;20.2;13.2;1.1;;;5.503733217
41953;0;23.4;9.4;1;;;5.23321846
41954;0;25.5;8;2.3;;;4.967887201
41955;0;21;10.2;2.9;;;4.707817956
41956;0.4;25.5;12.6;0.5;;;4.453087682
41957;5.4;19.4;12.2;1.8;;;4.203771759
41958;6.5;17.2;8.6;0.7;;;3.959943963
41959;0;18.8;8.8;1.3;;;3.721676447
41960;0;22.6;7.8;2;;;3.489039718
41961;0;24.5;7.8;2.7;;;3.262102618
41962;0;25.1;7.2;3.6;;;3.040932299
41963;0;24.2;9.6;3.7;;;2.825594211
41964;0;26.9;10.8;3.7;;;2.616152075
41965;2.9;24.2;13.4;2.5;;;2.412667869
41966;15;18.6;13.6;1.5;;;2.215201806
41967;5;21;14.2;0.6;;;2.02381232
41968;4;23;15.4;0.7;;;1.838556047
41969;5.6;19;14.6;1;;;1.659487807
41970;32.4;20.4;15;0.3;;;1.486660588
41971;2.4;21.2;12.2;0.4;;;1.320125534
41972;0.3;20.4;12;0.8;;;1.159931924
41973;0;21.4;12.2;1.2;;;1.006127163
41974;0;23.6;12.4;1;;;0.858756764
41975;2.4;22.6;11.4;1.9;;;0.717864335
41976;0.2;23.8;13.2;2.4;;;0.58349157
41977;0;23.6;13.4;2.8;;;0.455678232
41978;1.1;20;11.8;0.9;;;0.334462142
41979;0.7;21.8;10.2;0.5;;;0.21987917
41980;8.6;23;11.4;0.5;;;0.111963224
41981;0;23.8;10.6;0.8;;;0.010746237
41982;0;23.6;12;2.1;;;-0.083741839
41983;10.4;19;14.8;1.8;;;-0.171473044
41984;7.2;20;12.6;0.3;;;-0.252421416
41985;1.6;22.4;12.8;0.5;;;-0.326563001
41986;9.4;18.4;13.8;1;;;-0.39387586
41987;6.4;22.4;12.6;0.3;;;-0.454340074
41988;12.5;20.4;8.6;1.5;;;-0.507937751
41989;0;24.3;10.2;2;;;-0.554653029
41990;0;24.2;10.2;2.5;;;-0.594472086
41991;0;26.9;14;2.5;;;-0.627383137
41992;0;26.9;0;2.6;;;-0.653376445
41993;5.2;26.7;0;2.1;;;-0.672444318
41994;0;23.8;0;1.4;;;-0.684581112
41995;5.8;23.4;0;1.4;;;-0.689783236
41996;3.1;21.2;0;1.1;;;-0.688049152
41997;9.6;23.2;0;0.5;;;-0.679379372
41998;0;24.5;0;1.1;;;-0.663776462
41999;0;25.5;0;2.2;;;-0.641245038
42000;1.4;26.1;0;2.7;;;-0.611791769
42001;10.6;28.1;9.4;2;;;-0.575425369
42002;0;24.5;11.2;3.5;;;-0.532156601
42003;34.1;22.6;13.2;1.5;;;-0.481998269
42004;0.7;24;16;2;;;-0.424965214
42005;1.4;25.1;14.2;2.5;;;-0.361074314
42006;0;26.9;15.6;2.5;;;-0.290344475
42007;7.4;25.5;14.4;2.5;;;-0.212796628
42008;0;24.2;15;1.9;;;-0.12845372
42009;0;22.2;14.6;1.8;;;-0.03734071
42010;0.9;23.8;14;1.3;;;0.060515442
42011;1.1;24.3;14.4;1.3;;;0.165085777
42012;19.4;27.1;12.4;1.2;;;0.276339351
42013;0;26.3;14;2.7;;;0.394243243
42014;0;28.3;14.8;3;;;0.518762563
42015;11;27.7;15.4;2.3;;;0.649860464
42016;0;28.7;15;2.8;;;0.787498152
42017;0.7;26.3;14.2;3.5;;;0.931634898
42018;0;25.5;15;3.2;;;1.082228049
42019;3;26.1;13.8;1.8;;;1.239233042
42020;0;25.5;13.2;2.6;;;1.402603417
42021;0;26.1;14.4;4.1;;;1.57229083
42022;0;27.5;14.6;4.5;;;1.748245068
42023;0;27.7;14;4.9;;;1.930414063
42024;0;28.7;14;5.7;;;2.118743909
42025;0;27.3;15.8;3.4;;;2.313178875
42026;7.2;22;15.4;2.5;;;2.513661426
42027;4.6;20.2;13.6;1;;;2.720132234
42028;0;22.8;12.6;1;;;2.932530203
42029;14.5;22.6;11.6;1.2;;;3.15079248
42030;31.6;22;13.6;1.5;;;3.374854478
42031;1.2;24.3;13.4;0.8;;;3.604649893
42032;2.9;23.2;14.4;1.7;;;3.840110725
42033;0;23;16.6;2;;;4.081167297
42034;0;24;14;2.2;;;4.327748278
42035;0;23.6;16.6;1.8;;;4.579780699
42036;0;24.3;14.4;1.3;;;4.83718998
42037;0;22;15;1.7;;;5.09989995
42038;10.8;21.6;10.6;0.7;;;5.367832869
42039;2.8;20;13.2;1.2;;;5.64090945
42040;8.2;16.2;13.8;0.4;;;5.919048887
42041;17.8;19.8;13;0.8;;;6.202168873
42042;28.4;19.8;13.6;0.6;;;6.490185628
42043;0.6;24.9;12.4;1;;;6.783013924
42044;0;23.8;15.4;2.2;;;7.080567109
42045;29;22.2;15.6;1;;;7.38275713
42046;2.6;24;15;0.5;;;7.689494566
42047;0;25.5;16.8;1.5;;;8.000688647
42048;0;23.2;15.8;2.2;;;8.316247288
42049;31.9;22.4;14.2;0.7;;;8.636077107
42050;#N/A;22.4;#N/A;;;;8.960083464
42051;9.4;18.6;14;;;;9.288170479
42052;7.4;20.8;14.8;0.7;;;9.620241066
42053;6.7;17;14.8;0.7;;;9.956196959
42054;10.1;18.6;14.6;0.3;;;10.29593875
42055;0.6;22.8;15;0.6;;;10.63936589
42056;0;24.3;13.6;1.2;;;10.98637676
42057;0;24.2;12.4;3.3;;;11.33686868
42058;0;24;12.4;1.9;;;11.69073793
42059;4;24;11.6;1.5;;;12.04787979
42060;8.6;22.6;13.8;1.8;;;12.40818859
42061;0;23.2;14.2;1.5;;;12.77155769
42062;0;23.6;12.4;1.5;;;13.13787957
42063;6;20.8;14.4;1.7;;;13.50704583
42064;22.6;20.6;13.4;1.2;;;13.87894723
42065;0;23.4;8.2;1.7;;;14.25347372
42066;0;23.6;11.2;2.1;;;14.63051447
42067;0;23;12;1.8;;;15.00995791
42068;0;24;14;1.8;;;15.39169174
42069;0;24;13.8;2.1;;;15.77560302
42070;7.7;20.8;14.4;1.5;;;16.16157814
42071;24.6;20.4;14.4;0.7;;;16.54950287
42072;9.8;18.2;14.8;0.4;;;16.93926244
42073;9.3;18.8;14.6;0.5;;;17.33074149
42074;4.8;22.2;15;0.9;;;17.72382419
42075;0;20;14.4;1.8;;;18.11839421
42076;13.5;19.6;13.4;0.5;;;18.5143348
42077;0;20;15;0.6;;;18.9115288
42078;13;22;14.6;0.9;;;19.30985866
42079;0;22.2;13.6;0.9;;;19.70920651
42080;14.9;20;13;0.9;;;20.10945418
42081;5.4;18;13;0.4;;;20.51048323
42082;2.8;18.6;12.6;0.3;;;20.91217499
42083;0.3;19.6;12.2;0.3;;;21.31441059
42084;1.6;18;13.2;1.1;;;21.71707101
42085;9.9;19;13.4;0.5;;;22.12003709
42086;37.5;18.4;11.2;0.5;;;22.52318958
42087;0.8;19.6;10.4;0.3;;;22.92640919
42088;0;21.6;12.6;0.9;;;23.3295766
42089;0;23;10.4;1.2;;;23.7325725
42090;0;22.6;10.8;1.4;;;24.13527764
42091;0;22.6;13.6;0.8;;;24.53757286
42092;0;22;13.6;1;;;24.9393391
42093;31;19.8;14.4;0.6;;;25.34045749
42094;4.8;20.2;14.8;0.6;;;25.74080932
42095;4.6;21.6;12.2;1.7;;;26.14027611
42096;0;20.8;13.4;1.5;;;26.53873967
42097;0;21;10.4;1.6;;;26.93608209
42098;0;20.4;9.8;1.7;;;27.33218577
42099;0;19.2;14.4;1.5;;;27.72693351
42100;22.8;20.2;14.8;0.5;;;28.12020849
42101;7.8;15;10.8;1;;;28.51189435
42102;0.4;18.2;9;0.4;;;28.90187516
42103;0;19.8;12.4;1.1;;;29.29003554
42104;0;20;10.8;0.8;;;29.67626062
42105;0;20.2;10.8;1.5;;;30.0604361
42106;0;20.4;10.2;1.2;;;30.44244831
42107;0;20.4;10.4;1.4;;;30.8221842
42108;0;21.2;12.6;1.2;;;31.1995314
42109;0;20.6;13.6;1.3;;;31.57437825
42110;4.4;20.6;14.8;1.1;;;31.94661382
42111;9;20.4;10.8;0.8;;;32.31612797
42112;0;20.6;12.8;0.8;;;32.68281134
42113;0;22;13.2;1;;;33.04655544
42114;1.6;22;13.2;0.6;;;33.40725262
42115;0;22.6;14.4;1.1;;;33.76479615
42116;4.2;18.4;15;0.7;;;34.11908022
42117;2.5;20.6;12.2;0.2;;;34.47
42118;1.5;20;14;0.7;;;34.81745164
42119;0.5;16.8;11.6;0.6;;;35.16133233
42120;0.6;17.8;10.4;0.5;;;35.50154031
42121;0;18.4;7.4;1.3;;;35.8379749
42122;0;17.8;9.8;1.3;;;36.17053655
42123;0;18;9.8;1.1;;;36.49912684
42124;0;16;9.4;1.3;;;36.82364855
42125;0;16.6;8.4;0.7;;;37.14400564
42126;0;17.2;8.8;0.8;;;37.46010331
42127;0;19.4;10.6;0.9;;;37.77184802
42128;0;16.8;13.4;1.2;;;38.07914753
42129;5.8;17.4;12.6;0.8;;;38.3819109
42130;0;16.6;10.6;0.6;;;38.68004853
42131;0;15.4;8.6;0.5;;;38.9734722
42132;2.8;15.2;9;0.9;;;39.26209509
42133;0;17;6.4;1.4;;;39.54583178
42134;0;17.6;8;0.2;;;39.82459832
42135;25.3;14.4;11.6;0.4;;;40.09831221
42136;1.9;14.8;5.8;0.2;;;40.36689245
42137;2;14.8;8.8;0.8;;;40.63025958
42138;0;15.8;8.6;0.6;;;40.88833564
42139;0;15.4;5.6;0.8;;;41.14104428
42140;0.2;15.6;4.4;0.6;;;41.38831072
42141;0;16;7.8;1.2;;;41.63006177
42142;0;16.4;8.6;0.4;;;41.86622592
42143;5.6;16.2;10.4;0.7;;;42.09673326
42144;3.4;16.4;8;0.5;;;42.3215156
42145;3.2;16.6;7.6;0.2;;;42.54050641
42146;0;16.4;7.6;0.3;;;42.75364089
42147;0;16;7.6;0.7;;;42.96085597
42148;0;19.2;8.4;0.3;;;43.16209033
42149;0;21.4;8.4;1;;;43.35728443
42150;0;19.6;11.6;1.4;;;43.5463805
42151;0;18.2;12.8;0.6;;;43.72932259
42152;0;17.6;12.6;1.2;;;43.90605656
42153;9.4;14;8.4;1.2;;;44.07653011
42154;0;16.4;7.8;0.7;;;44.24069279
42155;30.6;13;8.2;2.3;;;44.39849604
42156;24.1;15.4;10.8;0.2;;;44.54989315
42157;0;15.6;10.8;0.2;;;44.69483932
42158;0;16;10.6;0.3;;;44.83329165
42159;0;16.8;7.2;0.4;;;44.96520919
42160;0;16.4;5.4;0.5;;;45.09055289
42161;0;16.8;9;1.2;;;45.20928566
42162;0;17.4;10.6;0.8;;;45.32137236
42163;0;17.6;7.2;1;;;45.42677983
42164;0;17.2;6.6;1.1;;;45.52547688
42165;0;16.2;7.6;1.3;;;45.6174343
42166;0;17.8;6.4;1.1;;;45.70262488
42167;0;17;9;2;;;45.7810234
42168;0;17.8;10.8;0.5;;;45.85260668
42169;0;18.8;11.2;1.5;;;45.91735352
42170;0;16.4;14.2;2.9;;;45.97524477
42171;11.8;16.4;6.8;0.4;;;46.0262633
42172;0;19;10;0.4;;;46.070394
42173;0;18.2;10.4;0.9;;;46.10762383
42174;17.6;11.9;9.6;0.6;;;46.13794176
42175;3;15.2;7.4;0.3;;;46.16133882
42176;0;16;6.4;0.5;;;46.17780809
42177;0;16.8;7;1;;;46.18734469
42178;0;16.6;8;0.7;;;46.18994581
42179;7;12.6;10.4;1.1;;;46.18561067
42180;11;14.2;6.8;0.2;;;46.17434055
42181;0;13.8;4.6;1.3;;;46.1561388
42182;0;13.8;0.4;0.2;;;46.13101079
42183;0;13.4;2.8;0.8;;;46.09896397
42184;0;14.6;6;1;;;46.06000781
42185;0;15.4;8.4;1;;;46.01415384
42186;0;15.4;11.2;1.6;;;45.96141564
42187;0;16.6;9;0.9;;;45.90180881
42188;0;16.2;11.8;0.7;;;45.83535098
42189;0.8;16.6;10.8;1;;;45.76206183
42190;9.4;12.4;5.4;0.5;;;45.68196304
42191;1.3;15.6;8.2;0.3;;;45.59507831
42192;0;15.2;9.6;0.3;;;45.50143335
42193;0;13.8;11.8;0.4;;;45.40105588
42194;5.4;13.8;9.2;0.7;;;45.2939756
42195;0;16.8;7.2;0.9;;;45.18022419
42196;0;18.2;10;0.9;;;45.05983532
42197;0.5;18.6;9.8;1.4;;;44.93284461
42198;0;19;11.6;2.1;;;44.79928964
42199;0;20.2;9.4;2.4;;;44.65920993
42200;0;19.8;8.2;2.2;;;44.51264693
42201;0;19;9.8;1.9;;;44.35964401
42202;0;16.2;9.2;1;;;44.20024646
42203;0;17;7;0.5;;;44.03450142
42204;0;16.2;5.8;2;;;43.86245797
42205;0;17;8.6;1.6;;;43.684167
42206;0;17.6;10.8;1.6;;;43.49968127
42207;0;16.2;8;0.7;;;43.30905537
42208;0;16.2;8.6;0.8;;;43.11234572
42209;0;16.8;9.6;0.7;;;42.90961053
42210;18.6;13.2;10.2;1.1;;;42.70090978
42211;2.9;16.2;10.2;0.4;;;42.48630524
42212;0;17;6.6;1.1;;;42.2658604
42213;0;18.4;7.2;3.3;;;42.03964051
42214;0;18.8;5.4;3;;;41.80771251
42215;0;19.2;4.8;2.1;;;41.57014502
42216;0;17.8;5.8;2;;;41.32700834
42217;0;17.6;6;1.3;;;41.07837443
42218;0;17.6;6.4;1.5;;;40.82431686
42219;0;19;5.8;1.7;;;40.56491081
42220;0;18.4;6;1.4;;;40.30023304
42221;0;18;5.6;3.1;;;40.03036188
42222;0;18.4;5.2;2;;;39.75537718
42223;0;19.2;5.8;2.3;;;39.47536031
42224;0;18.6;6.8;2.2;;;39.19039414
42225;0;18;7;2.2;;;38.90056299
42226;0;18.8;6.6;1;;;38.60595263
42227;0;19;6;1.8;;;38.30665024
42228;0;18.4;5.2;2;;;38.00274439
42229;0;19.2;5.2;1.5;;;37.694325
42230;0;18;5.4;1.5;;;37.38148335
42231;0;17.6;8.4;1.8;;;37.064312
42232;0;18.8;6.4;1.9;;;36.74290482
42233;0;18.6;7;2.2;;;36.41735692
42234;0;18.4;7.4;2.5;;;36.08776462
42235;0;20;11.6;2.6;;;35.75422547
42236;0;14;6.6;2.7;;;35.41683815
42237;0.4;18.2;6;1.7;;;35.07570252
42238;0;19.6;6.2;1;;;34.73091951
42239;0;21.2;6.2;1.5;;;34.38259115
42240;0;18;10.2;3.1;;;34.03082053
42241;6.8;14;10;1;;;33.67571172
42242;12.4;20;6.8;0.5;;;33.31736983
42243;0;17.8;9.6;1.4;;;32.95590088
42244;4.9;16.6;8.8;0.9;;;32.59141183
42245;0;21.8;3.8;2.1;;;32.22401056
42246;0;24;7.4;2.6;;;31.85380577
42247;0;25.3;8.2;2.4;;;31.48090702
42248;0;22.4;9.2;3.8;;;31.10542466
42249;0;20.8;9.2;3.2;;;30.72746979
42250;0;21.8;10;1.1;;;30.34715426
42251;0;19.6;8;2.2;;;29.96459061
42252;3.8;17.8;9.8;0.6;;;29.57989204
42253;0.6;17.8;11.4;0.6;;;29.1931724
42254;2.8;18.4;12.8;1.5;;;28.80454613
42255;18.5;15.4;12;1.5;;;28.41412821
42256;48.2;15.8;11.2;0.3;;;28.02203419
42257;0;16.4;11.2;0.7;;;27.62838009
42258;18.5;16.2;12.4;0.8;;;27.23328239
42259;20.5;15.2;11.4;0.7;;;26.83685803
42260;4.6;15.2;8.2;0.3;;;26.43922429
42261;0;18.4;6.2;0.3;;;26.04049885
42262;0;20.2;10;0.8;;;25.64079971
42263;0;23.2;12.2;0.7;;;25.24024512
42264;0;25.7;12.2;2.7;;;24.83895364
42265;0;26.5;11.2;3.7;;;24.437044
42266;0;27.1;12.8;4.3;;;24.03463513
42267;0;25.7;11.4;5;;;23.63184613
42268;0;24.7;10.2;5.5;;;23.22879617
42269;0;24.5;9.2;6.5;;;22.82560452
42270;0;26.7;9.4;4.4;;;22.4223905
42271;0;26.7;11.2;4.7;;;22.01927343
42272;0;27.5;11.4;5.5;;;21.6163726
42273;6;20;13.6;3.5;;;21.21380722
42274;1.9;23.4;12.8;0.5;;;20.81169642
42275;18.1;18.8;13.4;1.6;;;20.4101592
42276;0;21.8;13.4;1.1;;;20.00931438
42277;3.4;19.4;13.2;1.9;;;19.60928057
42278;0.9;23.2;12;0.8;;;19.21017614
42279;0;25.1;13.8;2;;;18.81211921
42280;2.5;21.4;14.6;2.9;;;18.41522757
42281;0;19.4;14.2;1.4;;;18.01961865
42282;0;19.6;10.4;0.3;;;17.62540952
42283;0;22;8.6;1.3;;;17.23271685
42284;0;24.9;9.4;1.9;;;16.84165683
42285;0;26.1;10.4;2.5;;;16.45234518
42286;0;26.7;10.8;3.5;;;16.06489711
42287;0;26.7;13.8;3.4;;;15.67942727
42288;0;25.3;12.6;2.5;;;15.29604972
42289;0;25.7;13;3.1;;;14.91487792
42290;0;24.9;12.8;3.1;;;14.53602466
42291;18;26.1;13;2.4;;;14.15960205
42292;0;27.3;13.6;4;;;13.78572147
42293;0;28.5;12.8;6;;;13.41449357
42294;0;27.3;13;5.3;;;13.04602819
42295;0;22;11.6;2.5;;;12.68043437
42296;0;25.7;11.6;1.2;;;12.3178203
42297;0;28.1;13.4;2.6;;;11.95829328
42298;14.6;24.3;14;4;;;11.6019597
42299;0;23.4;14.2;2.6;;;11.24892501
42300;30.1;22.2;11.8;0.3;;;10.89929367
42301;0;23;11.2;1.7;;;10.55316914
42302;0;23.8;11.6;1;;;10.21065385
42303;0;21.8;13.2;1.4;;;9.871849156
42304;13.4;22.2;14;1.4;;;9.536855313
42305;5.9;20.8;13.4;0.8;;;9.205771453
42306;11.2;20.8;12.6;0.5;;;8.878695547
42307;0;23.8;9.6;2.4;;;8.555724384
42308;0;23.6;10.8;2.7;;;8.236953535
42309;0;21.2;14.8;2.7;;;7.92247733
42310;16.5;20.8;14;0.8;;;7.612388828
42311;19;19.2;14.8;0.8;;;7.306779788
42312;0.4;22;15;1;;;7.005740646
42313;24.4;21.6;15;1;;;6.709360483
42314;0;21.2;14.4;1.3;;;6.417727004
42315;5.3;20.6;12.6;0.7;;;6.130926507
42316;1.1;20.2;13.4;0.4;;;5.849043861
42317;0;23.4;14.8;1.2;;;5.57216248
42318;1.2;25.1;12.2;1.6;;;5.300364298
42319;1.5;26.3;13.8;1.2;;;5.033729743
42320;0;26.1;15.6;2.2;;;4.772337718
42321;0;26.5;13.6;2.3;;;4.516265572
42322;6.7;25.3;13;1.6;;;4.265589082
42323;13.7;23.2;13.6;1.7;;;4.020382426
42324;2.8;21.4;15.6;1.3;;;3.780718166
42325;7.4;22.4;14.4;0.6;;;3.546667221
42326;29.7;23.2;13.6;1.1;;;3.318298851
42327;1.9;24.2;15.4;2.1;;;3.095680634
42328;19.2;20.8;14;1.1;;;2.878878447
42329;18.8;21.2;14.2;1.4;;;2.667956444
42330;0;23.2;11.6;3.1;;;2.462977041
42331;1.3;20.2;15.4;1.2;;;2.264000894
42332;15;17;13.2;0.7;;;2.071086885
42333;1;18.8;13;0.4;;;1.884292098
42334;0.8;22.2;13.2;0.6;;;1.70367181
42335;0;23.4;11.2;1.6;;;1.529279469
42336;0;23.6;14.8;1.8;;;1.36116668
42337;1.6;22;14.4;1.2;;;1.199383192
42338;39;20.2;15;0.9;;;1.043976877
42339;0;22.4;14;0.6;;;0.894993725
42340;0;22.8;15.6;0.8;;;0.75247782
42341;3;22;14.4;0.8;;;0.616471336
42342;4.1;22.2;14.2;0.9;;;0.487014519
42343;18.9;22.6;12.6;0.7;;;0.364145677
42344;4.6;21.6;14.4;0.8;;;0.24790117
42345;18;19;14.6;1.1;;;0.138315397
42346;3.8;23.6;13.6;0.4;;;0.035420784
42347;0;21.8;15.4;0.9;;;-0.060752219
42348;1.6;19;16.6;1.2;;;-0.150175154
42349;7.9;22.8;14;0.7;;;-0.232821558
42350;0;24.5;13.4;1.4;;;-0.308666976
42351;19.2;24.5;12.2;1.3;;;-0.377688963
42352;8.1;25.3;14.2;0.8;;;-0.439867094
42353;1;24.3;15.6;1.7;;;-0.495182972
42354;14.2;21.4;14.4;1.8;;;-0.543620225
42355;8;23.6;14;0.9;;;-0.585164521
42356;2.4;25.7;13.8;1.3;;;-0.619803567
42357;0;25.1;14.4;2;;;-0.647527112
42358;31.2;22.2;13;1;;;-0.668326953
42359;17.9;22.8;13.4;1;;;-0.682196933
42360;0;24.3;14.6;1.3;;;-0.68913295
42361;0;24.7;14.6;1.7;;;-0.68913295
42363;0;23.6;14.2;;;;-0.668326953
42364;13.3;24.5;13.6;0.8;;;-0.647527112
42365;18.6;19.6;14.4;1.6;;;-0.619803567
42366;3.1;19.2;14.6;0.3;;;-0.585164521
42367;12;18;14.2;0.4;;;-0.543620225
42368;11.5;18.4;13.2;0.4;;;-0.495182972
42369;3.2;21.8;13.4;1.3;;;-0.439867094
42370;6.1;22.6;14.4;1.3;;;-0.377688963
42371;5;22.8;14.6;0.8;;;-0.308666976
42373;48.9;21.6;0;;;;-0.150175154
42374;0;22.2;10.8;1.3;;;-0.060752219
42375;0;25.1;10.6;1.7;;;0.035420784
42376;0;25.7;12.2;1.9;;;0.138315397
42377;0;24.5;13.2;3.5;;;0.24790117
42378;3.5;24.3;16;2.1;;;0.364145677
42380;35.5;17.6;0;;;;0.616471336
42381;25.5;19.2;15.4;0.5;;;0.75247782
42382;7.9;22.4;16;0.2;;;0.894993725
42383;32.5;21.4;16;0.6;;;1.043976877
42384;17.8;20.4;16.4;0.4;;;1.199383192
42385;54.6;18.6;13;0.5;;;1.36116668
42387;0.7;22.2;0;;;;1.70367181
42388;0.9;19;12.8;0.8;;;1.884292098
42389;0.9;20.6;13;0.9;;;2.071086885
42391;2.2;20.2;0;;;;2.462977041
42392;0.3;22.6;10.8;1.6;;;2.667956444
42393;0;22.2;12.2;1.7;;;2.878878447
42394;1;24.2;14.4;1.4;;;3.095680634
42395;0;24.5;14;1.9;;;3.318298851
42396;5.9;23.8;14;1.5;;;3.546667221
42397;24.8;22;14.4;1.1;;;3.780718166
42398;17.2;19.4;14.2;0.8;;;4.020382426
42399;1.3;21.8;14.6;0.4;;;4.265589082
42401;0;25.1;0;;;;4.772337718
42402;0;26.1;11.6;3.2;;;5.033729743
42403;0;24.9;12.6;2.9;;;5.300364298
42404;7.6;24.5;12.4;1.7;;;5.57216248
42405;0.3;24.2;13.4;1.7;;;5.849043861
42406;0;23.6;14.2;1.7;;;6.130926507
42408;12.3;23.4;0;;;;6.709360483
42409;9.3;24;15.2;1;;;7.005740646
42410;0;26.9;12.6;1.6;;;7.306779788
42411;1.6;21.4;15;2.3;;;7.612388828
42412;31.9;23.4;13.2;0.4;;;7.92247733
42413;0;24.2;12.8;1.4;;;8.236953535
42415;0;24.5;0;;;;8.878695547
42416;8.7;21.4;13.8;1.2;;;9.205771453
42417;17.8;23;14.4;0.9;;;9.536855313
42418;2.9;23.4;14.8;1.3;;;9.871849156
42419;4.7;22.6;15;1.2;;;10.21065385
42420;12.7;23.6;15.4;1.1;;;10.55316914
42422;38.4;19.2;0;;;;11.24892501
42423;29.9;19;12.8;0.2;;;11.6019597
42424;10;23;13.4;0.3;;;11.95829328
42425;7.5;22;14;1;;;12.3178203
42426;0.4;23.2;14.2;1.1;;;12.68043437
42427;0;21;15.6;1.6;;;13.04602819
42429;14.4;17.8;0;;;;13.78572147
42430;4.4;16.8;11.4;0.4;;;14.15960205
42431;22.5;17.6;13.8;0.3;;;14.53602466
42432;2.3;16.4;14;0.2;;;14.91487792
42433;23.3;19.6;12.6;0.3;;;15.29604972
42434;15.3;21;12.4;0.7;;;15.67942727
42436;0.3;24;0;;;;16.45234518
42437;0;24.3;12.4;1.2;;;16.84165683
42438;25.1;22;14.2;1.1;;;17.23271685
42439;0;19.4;14.4;1.6;;;17.62540952
42460;0;21.4;0;;;;26.04049885
42461;0;21.2;12;0.9;;;26.43922429
42462;16;22.4;10;1.1;;;26.83685803
42464;0;22.6;0;6.1;;;27.62838009
42465;0;21.6;10.8;2.4;;;28.02203419
42466;0;21.2;9.2;1.8;;;28.41412821
42467;0;22.2;9;1.3;;;28.80454613
42468;0;23.4;8.6;2.5;;;29.1931724
42469;0;23.6;10.2;2.6;;;29.57989204
42471;0;22.8;0;;;;30.34715426
42472;0;22;12.4;1.1;;;30.72746979
42473;0;21.4;10.8;1.3;;;31.10542466
42474;0;23.2;12.4;1.5;;;31.48090702
42475;0;22;11.8;1.8;;;31.85380577
42476;0;22.6;9.6;1.7;;;32.22401056
42478;0;23;0;10.4;;;32.95590088
42479;0;21.4;10.4;1.3;;;33.31736983
42480;0;20.8;10.2;1.5;;;33.67571172
42481;0;21.8;10.8;1.3;;;34.03082053
42482;0;21.2;9.6;2;;;34.38259115
42483;0;22;9.6;2.5;;;34.73091951
42485;0;21.4;0;22;;;35.41683815
42486;0;19.8;14.2;2.4;;;35.75422547
42487;0;15.8;14;2.4;;;36.08776462
42488;3;16.2;8.6;0.3;;;36.41735692
42489;0;16.4;8.6;0.5;;;36.74290482
42490;18.3;15.8;8.8;0.8;;;37.064312
42492;0;16.4;0;;;;37.694325
42493;0;18;1.6;1.5;;;38.00274439
42494;0;17.8;5.2;1.6;;;38.30665024
42495;0;17.2;5.4;1;;;38.60595263
42496;0;17.6;7.2;0.8;;;38.90056299
42497;0;18.4;9.6;0.6;;;39.19039414
42499;1.3;19.6;0;;;;39.75537718
42500;0;18.2;14.2;1;;;40.03036188
42501;0.9;18.8;10.4;1.4;;;40.30023304
42502;0;16;10.2;1;;;40.56491081
42503;0.3;16.4;9;0.6;;;40.82431686
42504;0;16;8.4;1;;;41.07837443
42506;0.6;17.8;0;;;;41.57014502
42507;2.6;16.6;14.4;1;;;41.80771251
42508;4;16;8.8;0.4;;;42.03964051
42509;17.5;15.6;12.6;0.3;;;42.2658604
42510;2.8;17;10.4;0.4;;;42.48630524
42511;23.7;15.2;11.8;0.2;;;42.70090978
42513;18.6;14.8;0;;;;43.11234572
42514;0;11.7;4.6;1;;;43.30905537
42515;0;16.2;4.6;1.1;;;43.49968127
42516;0;16.2;9;0.9;;;43.684167
42517;0;17.4;7;0.6;;;43.86245797
42518;0;17.6;8.8;1;;;44.03450142
42520;0;17.4;0;;;;44.35964401
42521;#N/A;15.8;#N/A;1.3;;;44.51264693