3
0 19 0.025
20 40 0.04
41 60 0.015
10
2.5 22.1146
2.54828 22.1146
2.5 22.1146
2.54828 22.1146
3.3544 11.7207
2.079 12.6053
2.1 12.2603
2.079 12.6053
2.1 12.2603
4.5869 23.8838
60
0.464868 8.21419 1.75537
-0.234166 1.86963e-007 -1.35523e-006 -0.972197
0.922382 -0.54507 19.2106
0.0388907 -0.0335695 -0.00411381 0.998671
-6.77448 -5.93026 -0.183393
-0.0107534 0.0 1.39027e-006 0.999942
-7.20778 -5.16921 19.5391
0.0875126 -0.040418 0.000189199 -0.995343
-2.88714 -2.79566 60.0016
0.0 0.0 -1.41065e-007 -1.0
4.94659 -8.40032 40.2184
-0.244066 -0.0742663 -0.0140835 0.966808
3.58891 -3.19009 48.7658
-0.0534605 -0.0459964 -0.00673964 0.997487
-10.9063 0.40043 39.5622
-0.0505411 0.0379476 -0.00294462 0.997996
-10.1468 2.00241 49.4992
0.17808 0.066729 -0.0103649 0.981696
-2.88714 -1.88299 37.5677
0.0 0.0 1.60335e-006 -1.0
0.464867 7.93578 2.91398
0.282034 -2.2015e-007 1.3563e-006 0.959404
0.922385 -2.63654 19.3107
-0.0180299 -0.0337493 -0.00219594 0.999265
-6.77448 -5.09031 -0.137783
-0.00584617 0.0 1.39145e-006 0.999983
-7.20778 -4.50781 19.6009
0.0692433 -0.0404146 -0.000552099 -0.996781
-2.88714 -2.79566 60.163
0.0 0.0 -1.41065e-007 -1.0
4.96357 -7.0747 39.9292
-0.204813 -0.0739403 -0.0128842 0.975919
3.57672 -2.5972 48.8861
-0.0273389 -0.0452301 -0.00528112 0.998589
-10.9116 -0.174489 39.4816
-0.0506911 0.037472 -0.00302714 0.998007
-10.1595 1.37615 49.4378
0.149329 0.0664718 -0.00930318 0.986507
-2.88714 -1.88299 37.729
0.0 0.0 1.60335e-006 -1.0
0.464867 7.67717 4.78209
0.338461 -2.17247e-007 1.36466e-006 0.940981
0.922388 -4.92283 19.7065
-0.0804123 -0.0338207 -8.35637e-005 0.996188
-6.77448 -4.326 -0.0391727
-0.00297765 0.0 1.39273e-006 0.999996
-7.20778 -3.83971 19.7145
0.0508548 -0.0403976 -0.00129709 -0.997888
-2.88714 -2.79566 60.352
0.0 0.0 -1.41065e-007 -1.0
4.96727 -5.7041 39.7543
-0.164672 -0.0734096 -0.011663 0.983544
3.55941 -2.00231 49.0649
-0.00116573 -0.0443458 -0.0038272 0.999008
-10.9116 -0.73183 39.4461
-0.0484697 0.0369348 -0.00324138 0.998136
-10.1673 0.714899 49.4345
0.119414 0.0660883 -0.00818706 0.990609
-2.88714 -1.88299 37.918
0.0 0.0 1.60335e-006 -1.0
0.464866 7.2412 6.95616
0.389179 -2.09989e-007 1.35106e-006 0.921162
0.92239 -7.06751 20.3442
-0.13974 -0.0337654 0.0019356 0.98961
-6.77448 -3.51916 0.0704457
0.000910343 0.0 1.39335e-006 1.0
-7.20778 -3.17104 19.839
0.032497 -0.0403669 -0.0020397 -0.998654
-2.88714 -2.79566 60.5271
0.0 0.0 -1.41065e-007 -1.0
4.96222 -4.31293 39.6642
-0.124534 -0.0727988 -0.0104553 0.989486
3.53998 -1.40818 49.2611
0.0249918 -0.0434744 -0.00236654 0.998739
-10.9082 -1.3162 39.4409
-0.0474307 0.0364228 -0.00334215 0.998205
-10.1714 0.0549496 49.4599
0.0899099 0.0656804 -0.00708684 0.993757
-2.88714 -1.88299 38.0931
0.0 0.0 1.60335e-006 -1.0
0.464866 6.56646 8.70989
0.421024 -1.89344e-007 1.32058e-006 0.90705
0.922392 -8.76369 21.0276
-0.187703 -0.0336314 0.00357545 0.981643
-6.77448 -2.55166 0.152678
0.00887603 0.0 1.39443e-006 0.999961
-7.20778 -2.50797 19.9329
0.0143203 -0.0403232 -0.00277388 -0.99908
-2.88714 -2.79566 60.647
0.0 0.0 -1.41065e-007 -1.0
4.9537 -2.92788 39.6224
-0.0853129 -0.0722431 -0.00928811 0.993688
3.52143 -0.817533 49.4329
0.0510666 -0.0427474 -0.000887818 0.99778
-10.9047 -1.97002 39.4435
-0.0511302 0.0360243 -0.00310809 0.998037
-10.174 -0.565502 49.4759
0.06241 0.0653617 -0.0060742 0.995889
-2.88714 -1.88299 38.213
0.0 0.0 1.60335e-006 -1.0
0.464866 5.63323 9.1752
0.421466 -1.89648e-007 1.32044e-006 0.906844
0.922393 -9.75461 21.4682
-0.216344 -0.0335124 0.0045579 0.975731
-6.77448 -1.30573 0.179034
0.0239759 0.0 1.39198e-006 0.999713
-7.20778 -1.85666 19.954
-0.00352505 -0.0402672 -0.00349358 -0.999177
-2.88714 -2.79566 60.67
0.0 0.0 -1.41065e-007 -1.0
4.94763 -1.57667 39.5866
-0.047928 -0.0718866 -0.00818126 0.996227
3.50668 -0.233067 49.5386
0.0769917 -0.0422954 0.000620181 0.996134
-10.9044 -2.73398 39.4283
-0.0631196 0.035822 -0.00233175 0.99736
-10.1781 -1.10766 49.4372
0.038513 0.065256 -0.00522159 0.997111
-2.88714 -1.88299 38.236
0.0 0.0 1.60335e-006 -1.0
0.464866 4.04542 7.59724
0.374389 -1.57297e-007 1.33518e-006 0.927272
0.922391 -9.93002 21.4113
-0.221472 -0.0334879 0.00473406 0.97458
-6.77448 0.540483 0.127377
-0.0488663 0.0 -1.3839e-006 -0.998805
-7.20778 -0.995667 19.8492
-0.0271312 -0.0401734 -0.00444398 -0.998814
-2.88714 -2.79566 60.532
0.0 0.0 -1.41065e-007 -1.0
4.94975 -0.0399504 39.5029
-0.00685561 -0.0718692 -0.00696111 0.997366
3.49658 0.456905 49.5391
0.10783 -0.0422328 0.0024746 0.993269
-10.9102 -3.80445 39.3749
-0.0914748 0.0358972 -0.000502019 0.99516
-10.1889 -1.5983 49.2668
0.016953 0.0655408 -0.00450641 0.997696
-2.88714 -1.88299 38.0981
0.0 0.0 1.60335e-006 -1.0
0.464867 1.51505 4.75697
0.286352 0.0 1.32606e-006 0.958125
0.922389 -9.48798 20.9397
-0.208585 -0.0335474 0.00429149 0.977419
-6.77448 2.89881 0.0999644
-0.0814695 0.0 -1.37938e-006 -0.996676
-7.20778 0.0752513 19.6762
-0.0565736 -0.0400249 -0.00562672 -0.99758
-2.88714 -2.79566 60.2606
0.0 0.0 -1.41065e-007 -1.0
4.9523 1.68411 39.4374
0.0384091 -0.0720673 -0.00559681 0.996644
3.48693 1.2462 49.4823
0.14354 -0.0424538 0.00466476 0.988722
-10.9154 -5.13538 39.345
-0.1337 0.0361508 0.00225108 0.99036
-10.2055 -2.05983 48.9852
-0.00329911 0.0661488 -0.00388258 0.997797
-2.88714 -1.88299 37.8267
0.0 0.0 1.60335e-006 -1.0
0.464867 -1.61603 2.08278
0.180304 0.0 1.35559e-006 0.983611
0.922386 -8.6459 20.2878
-0.184333 -0.0336433 0.00346001 0.982282
-6.77448 5.27016 0.200078
-0.117723 1.48709e-007 -1.37037e-006 -0.993046
-7.20778 1.0203 19.508
-0.0826884 -0.0398637 -0.00667335 -0.995756
-2.88714 -2.79566 59.9522
0.0 0.0 -1.41065e-007 -1.0
4.94918 3.24479 39.4452
0.079404 -0.0723108 -0.00433605 0.994207
3.47652 1.96217 49.4231
0.176469 -0.0427888 0.00671119 0.983353
-10.9132 -6.40906 39.3902
-0.177519 0.0364226 0.00516058 0.98343
-10.2228 -2.44722 48.6831
-0.0202947 0.0668489 -0.0033878 0.997551
-2.88714 -1.88299 37.5183
0.0 0.0 1.60335e-006 -1.0
0.464867 -4.50144 0.41979
0.082475 0.0 1.38162e-006 0.996593
0.922383 -7.62585 19.6857
-0.155403 -0.0337303 0.00247041 0.987272
-6.77448 7.16583 0.426651
-0.153582 1.73294e-007 -1.35599e-006 -0.988136
-7.20778 1.51298 19.3524
-0.0963724 -0.0397682 -0.00722084 -0.994524
-2.88714 -2.79566 59.7032
0.0 0.0 -1.41065e-007 -1.0
4.94456 4.31079 39.4839
0.107755 -0.0725242 -0.00344384 0.991523
3.46878 2.44668 49.3741
0.19912 -0.0431091 0.00813971 0.978993
-10.9063 -7.33595 39.4749
-0.210911 0.0366215 0.00741701 0.976791
-10.2362 -2.71595 48.4465
-0.0320915 0.0674174 -0.00305997 0.997204
-2.88714 -1.88299 37.2693
0.0 0.0 1.60335e-006 -1.0
0.464867 -6.09109 -0.22156
0.0204326 0.0 1.3878e-006 0.999791
0.922381 -6.66852 19.3206
-0.128611 -0.0337848 0.00155612 0.991118
-6.77448 8.11281 0.72112
-0.18507 2.37176e-007 -1.35107e-006 -0.982725
-7.20778 1.23179 19.2042
-0.0885558 -0.0398237 -0.00690817 -0.995251
-2.88714 -2.79566 59.61
0.0 0.0 -1.41065e-007 -1.0
4.94761 4.5707 39.4665
0.115204 -0.0726758 -0.00319228 0.990675
3.46946 2.55263 49.3283
0.204118 -0.043306 0.00848144 0.977951
-10.9039 -7.65883 39.5066
-0.222174 0.0367092 0.00817833 0.974281
-10.2412 -2.82208 48.36
-0.0367534 0.0676323 -0.00293687 0.997029
-2.88714 -1.88299 37.1761
0.0 0.0 1.60335e-006 -1.0
0.464868 -5.94669 -0.342363
0.000736992 0.0 1.39346e-006 1.0
0.922379 -5.68495 19.234
-0.101369 -0.0338147 0.00062857 0.994274
-6.77448 7.91184 1.2358
-0.218861 2.18546e-007 -1.35712e-006 -0.975756
-7.20778 -0.291127 19.1205
-0.0464866 -0.0400796 -0.00522183 -0.998101
-2.88714 -2.79566 59.7457
0.0 0.0 -1.41065e-007 -1.0
4.96362 3.75503 39.3538
0.0950311 -0.072738 -0.00379209 0.992806
3.48253 2.14405 49.2892
0.18493 -0.0433159 0.00733419 0.981769
-10.9123 -7.20065 39.4293
-0.20264 0.0366592 0.00681786 0.978543
-10.2343 -2.74843 48.4905
-0.0335179 0.067331 -0.0030275 0.997163
-2.88714 -1.88299 37.3118
0.0 0.0 1.60335e-006 -1.0
0.464868 -4.60312 -0.25494
0.00601354 0.0 1.39733e-006 0.999982
0.922379 -4.50966 19.3418
-0.0690949 -0.0338173 -0.000467561 0.997037
-6.77448 6.84314 2.26968
0.257442 -2.03395e-007 1.37192e-006 0.966294
-7.20777 -2.85685 19.3426
0.0238818 -0.0403476 -0.0023878 -0.998897
-2.88714 -2.79566 60.046
0.0 0.0 -1.41065e-007 -1.0
4.98121 2.05561 39.2536
0.0526753 -0.0726894 -0.00506196 0.99595
3.5013 1.30797 49.2881
0.146354 -0.0431835 0.00500574 0.988277
-10.9228 -6.11868 39.3242
-0.159965 0.0364733 0.00391138 0.986441
-10.2188 -2.52428 48.7789
-0.0236759 0.0666659 -0.00330692 0.997489
-2.88714 -1.88299 37.6121
0.0 0.0 1.60335e-006 -1.0
0.464868 -2.55573 -0.0134829
0.0274909 0.0 1.39791e-006 0.999622
0.922378 -3.28788 19.5787
-0.0357553 -0.0337828 -0.0015968 0.998788
-6.77448 5.24974 3.77595
0.29086 -1.42143e-007 1.36643e-006 0.956766
-7.20777 -5.73519 20.0437
0.103212 -0.0404097 0.000827168 -0.993838
-2.88714 -2.79566 60.4014
0.0 0.0 -1.41065e-007 -1.0
4.984 -0.128333 39.3089
-0.00176339 -0.0724956 -0.00667998 0.997345
3.51565 0.240099 49.3611
0.0981034 -0.0429637 0.00209769 0.994246
-10.924 -4.67915 39.2965
-0.107177 0.0361766 0.000407364 0.993582
-10.1999 -2.17548 49.1251
-0.00837191 0.0658798 -0.00376154 0.997785
-2.88714 -1.88299 37.9674
0.0 0.0 1.60335e-006 -1.0
0.464868 -0.309098 0.324334
0.0563806 0.0 1.39407e-006 0.998409
0.922378 -2.17051 19.8428
-0.00535563 -0.0337186 -0.00262374 0.999414
-6.77448 3.53899 5.24644
0.309535 0.0 1.34182e-006 0.950888
-7.20777 -8.18039 21.0178
0.17208 -0.0402543 0.0036355 -0.984254
-2.88714 -2.79566 60.702
0.0 0.0 -1.41065e-007 -1.0
4.96813 -2.35624 39.5459
-0.0579804 -0.072226 -0.00833068 0.995667
3.52186 -0.837546 49.4857
0.0501784 -0.042772 -0.000776593 0.997824
-10.9144 -3.19311 39.3679
-0.0577442 0.0358745 -0.00279764 0.997683
-10.1824 -1.72833 49.4307
0.0112449 0.0652134 -0.00437749 0.997798
-2.88714 -1.88299 38.2681
0.0 0.0 1.60335e-006 -1.0
0.464868 1.63152 0.615306
-0.0838936 0.0 -1.37921e-006 -0.996475
0.922378 -1.30834 19.9975
0.0180969 -0.0336477 -0.00341423 0.999264
-6.77448 2.02685 5.80978
0.304022 0.0 1.34312e-006 0.952665
-7.20777 -9.55283 21.7006
0.211806 -0.040074 0.00526305 -0.976476
-2.88714 -2.79566 60.8385
0.0 0.0 -1.41065e-007 -1.0
4.94738 -4.17195 39.8196
-0.105649 -0.0721041 -0.0097209 0.991738
3.52484 -1.68591 49.5573
0.012754 -0.0428016 -0.00300016 0.998998
-10.9041 -2.00123 39.4487
-0.0253771 0.0357626 -0.00487115 0.999026
-10.1712 -1.20981 49.5961
0.034018 0.0649089 -0.00514073 0.997298
-2.88714 -1.88299 38.4045
0.0 0.0 1.60335e-006 -1.0
0.464868 2.48277 0.534776
-0.100686 0.0 -1.37792e-006 -0.994918
0.922379 -1.12351 19.7952
0.0231282 -0.0336301 -0.00358361 0.99916
-6.77448 0.76244 4.13924
0.251608 0.0 1.34375e-006 0.967829
-7.20777 -8.92302 21.2224
0.193455 -0.0401657 0.00451054 -0.980276
-2.88714 -2.79566 60.627
0.0 0.0 -1.41065e-007 -1.0
4.93252 -5.26684 39.7925
-0.137303 -0.0721307 -0.0107194 0.987841
3.52797 -2.14196 49.3373
-0.00731409 -0.0429781 -0.00425415 0.99904
-10.8975 -1.4523 39.3147
-0.0233697 0.0358119 -0.00499349 0.999073
-10.1659 -0.665088 49.4416
0.058011 0.0649492 -0.00597323 0.996183
-2.88714 -1.88299 38.193
0.0 0.0 1.60335e-006 -1.0
0.464868 2.84601 0.217906
-0.117398 0.0 -1.38171e-006 -0.993085
0.922379 -1.43689 19.3213
0.0145985 -0.0336595 -0.00329641 0.999321
-6.77448 -0.741682 1.38235
0.157966 0.0 1.36829e-006 0.987445
-7.20777 -6.80072 20.0585
0.132983 -0.0403668 0.00203917 -0.990294
-2.88714 -2.79566 60.1676
0.0 0.0 -1.41065e-007 -1.0
4.92612 -5.99021 39.5208
-0.16168 -0.0723337 -0.0115723 0.984121
3.53491 -2.37348 48.881
-0.0174971 -0.0433296 -0.00496272 0.998895
-10.8929 -1.26321 39.0383
-0.0413892 0.0360115 -0.00381029 0.998487
-10.1627 -0.0312926 49.0828
0.0860753 0.0652292 -0.00696633 0.994127
-2.88714 -1.88299 37.7337
0.0 0.0 1.60335e-006 -1.0
0.464868 4.27674 0.245299
-0.155107 1.32399e-007 -1.3671e-006 -0.987898
0.922381 -1.495 18.9283
0.0130174 -0.0336647 -0.00324315 0.999343
-6.77448 -2.89565 -0.318187
0.0581113 0.0 1.38498e-006 0.99831
-7.20778 -4.91776 19.2733
0.0805583 -0.0404183 -9.30988e-005 -0.99593
-2.88714 -2.79566 59.7767
0.0 0.0 -1.41065e-007 -1.0
4.93291 -6.87076 39.4147
-0.192738 -0.0729959 -0.0125836 0.97845
3.55351 -2.63747 48.5
-0.0291117 -0.0442226 -0.00562568 0.998582
-10.8946 -0.836273 38.9373
-0.0576834 0.0366251 -0.00267713 0.997659
-10.159 0.820652 48.8862
0.124173 0.0658236 -0.00835552 0.99004
-2.88714 -1.88299 37.3427
0.0 0.0 1.60335e-006 -1.0
0.464868 8.21419 1.524
-0.234166 1.86963e-007 -1.35523e-006 -0.972197
0.922382 -0.54507 18.9793
0.0388907 -0.0335695 -0.00411381 0.998671
-6.77448 -5.93026 -0.414762
-0.0107534 0.0 1.39027e-006 0.999942
-7.20778 -5.16921 19.3077
0.0875126 -0.040418 0.000189199 -0.995343
-2.88714 -2.79566 59.7703
0.0 0.0 -1.41065e-007 -1.0
4.94659 -8.40032 39.9871
-0.244066 -0.0742663 -0.0140835 0.966808
3.58891 -3.19009 48.5344
-0.0534605 -0.0459964 -0.00673964 0.997487
-10.9063 0.40043 39.3309
-0.0505411 0.0379476 -0.00294462 0.997996
-10.1468 2.00241 49.2679
0.17808 0.066729 -0.0103649 0.981696
-2.88714 -1.88299 37.3363
0.0 0.0 1.60335e-006 -1.0
0.464867 25.4447 17.8911
-0.588353 5.986e-007 -1.22383e-006 -0.808604
0.922387 6.83316 23.7689
0.24775 -0.0319571 -0.0110719 0.968233
-6.77448 -12.6767 10.1295
0.103816 2.41315e-007 1.31533e-006 0.994596
-7.20777 -17.051 29.3333
0.464259 -0.0372241 0.0157475 -0.884777
-2.88714 -2.79566 62.2951
0.0 0.0 -1.41065e-007 -1.0
4.94363 -13.7769 45.8595
-0.430457 -0.0792874 -0.019424 0.898912
3.73386 -5.55491 51.5512
-0.159158 -0.0541949 -0.0104824 0.985709
-10.9093 6.94623 43.9695
0.10509 0.044173 -0.0122212 0.993406
-10.0389 5.45332 53.9088
0.34982 0.0696742 -0.0169748 0.934068
-2.88714 -1.88299 39.8612
0.0 0.0 1.60335e-006 -1.0
0.464866 24.0349 21.0255
-0.670571 6.13336e-007 -1.21946e-006 -0.741845
0.922391 4.49216 22.6049
0.179001 -0.0326571 -0.00879573 0.983267
-6.77448 -12.1682 8.66593
0.0925238 2.48739e-007 1.33731e-006 0.99571
-7.20777 -16.031 27.9486
0.423302 -0.0379055 0.0140283 -0.905087
-2.88714 -2.79566 62.2303
0.0 0.0 -1.41065e-007 -1.0
5.00327 -12.5564 45.8661
-0.446308 -0.080827 -0.0197313 0.891003
3.8062 -4.04329 51.1244
-0.0912943 -0.0558162 -0.00476466 0.994247
-10.9695 5.40175 43.6453
0.042747 0.0447047 -0.00747384 0.998057
-10.075 5.27118 53.6887
0.339882 0.0707357 -0.0165183 0.937659
-2.88714 -1.88299 39.7964
0.0 0.0 1.60335e-006 -1.0
0.464866 20.5426 23.5682
-0.736893 5.96003e-007 -1.21631e-006 -0.676009
0.922395 0.874077 21.2354
0.0777289 -0.0333843 -0.00541738 0.996401
-6.77448 -11.1515 5.62904
0.0582661 1.87436e-007 1.37751e-006 0.998301
-7.20777 -13.5075 25.1165
0.334047 -0.0390818 0.0103074 -0.941689
-2.88714 -2.79566 61.8478
0.0 0.0 -1.41065e-007 -1.0
5.02962 -10.678 45.5265
-0.449998 -0.082144 -0.0198998 0.889021
3.83187 -1.99523 50.5816
-0.000999443 -0.0564407 0.0022691 0.998403
-11.0028 2.97242 43.0176
-0.047229 0.0443179 -0.000887955 0.9979
-10.1262 4.77645 52.9104
0.313547 0.0715881 -0.0154561 0.946744
-2.88714 -1.88299 39.4138
0.0 0.0 1.60335e-006 -1.0
0.464865 15.977 25.5962
-0.779524 5.40626e-007 -1.18293e-006 -0.626372
0.922399 -3.43336 20.5273
-0.0397177 -0.0337894 -0.001463 0.998638
-6.77448 -9.04249 2.67986
0.0225582 1.27392e-007 1.40376e-006 0.999746
-7.20777 -9.79535 22.3126
0.218934 -0.0400347 0.00555559 -0.974902
-2.88714 -2.79566 61.3402
0.0 0.0 -1.41065e-007 -1.0
5.01316 -8.48864 45.1877
-0.441015 -0.0833373 -0.0197415 0.893404
3.79165 0.228692 50.3178
0.0973626 -0.056051 0.00965382 0.993622
-10.9901 0.151824 42.5565
-0.146838 0.0431974 0.00633894 0.988197
-10.1864 4.01611 51.8746
0.274667 0.0723222 -0.0138859 0.958715
-2.88714 -1.88299 38.9062
0.0 0.0 1.60335e-006 -1.0
0.464864 11.7337 26.8892
-0.793013 4.64704e-007 -1.13026e-006 -0.609205
0.9224 -7.63261 20.8847
-0.155593 -0.0337303 0.00247666 0.987242
-6.77448 -5.80604 0.840727
0.00706676 0.0 1.40916e-006 0.999975
-7.20778 -5.78813 20.5532
0.104685 -0.0404086 0.000886982 -0.993684
-2.88714 -2.79566 60.9001
0.0 0.0 -1.41065e-007 -1.0
4.97262 -6.32714 44.9945
-0.41858 -0.0845278 -0.0190462 0.904037
3.69725 2.23895 50.4981
0.189069 -0.0549362 0.0164217 0.980288
-10.9435 -2.56722 42.4565
-0.237939 0.041771 0.0130171 0.970294
-10.2492 3.04591 50.882
0.227205 0.073037 -0.0119097 0.971031
-2.88714 -1.88299 38.4661
0.0 0.0 1.60335e-006 -1.0
0.464865 8.8786 26.691
-0.769712 3.84955e-007 -1.10979e-006 -0.638391
0.9224 -10.9775 22.1321
-0.252521 -0.0333197 0.00580222 0.967
-6.77448 -1.77349 0.280618
0.0334407 0.0 1.39321e-006 0.999441
-7.20778 -2.73242 20.0122
0.0204712 -0.0403394 -0.00252556 -0.998973
-2.88714 -2.79566 60.7201
0.0 0.0 -1.41065e-007 -1.0
4.9506 -4.42736 44.9022
-0.381632 -0.0858401 -0.0176394 0.920151
3.58934 3.71882 51.0597
0.260154 -0.0536887 0.0216812 0.96383
-10.9043 -4.7999 42.6394
-0.303629 0.0407059 0.0180549 0.951749
-10.3103 1.94297 50.2157
0.175366 0.0738724 -0.00964187 0.981681
-2.88714 -1.88299 38.2862
0.0 0.0 1.60335e-006 -1.0
0.464865 6.46444 23.3816
0.677118 -3.20896e-007 1.11527e-006 0.735875
0.922399 -13.8255 24.2582
-0.341977 -0.0326298 0.00889728 0.9391
-6.77448 3.78651 1.02478
-0.120797 0.0 -1.34978e-006 -0.992677
-7.20778 -0.625653 20.2573
-0.0372904 -0.0401261 -0.00485239 -0.998487
-2.88714 -2.79566 60.9133
0.0 0.0 -1.41065e-007 -1.0
4.98524 -2.26998 44.7113
-0.311808 -0.0874666 -0.0147165 0.945996
3.48293 4.82299 52.0023
0.316506 -0.0524673 0.0258279 0.946786
-10.9083 -6.98988 42.9741
-0.34621 0.0404226 0.0216296 0.937036
-10.3797 0.361533 49.9373
0.103631 0.0750569 -0.00645263 0.991759
-2.88714 -1.88299 38.4793
0.0 0.0 1.60335e-006 -1.0
0.464866 1.38772 17.8754
0.499015 0.0 1.14639e-006 0.866593
0.922396 -16.3942 27.2857
-0.433495 -0.0315856 0.0120919 0.900521
-6.77448 10.5887 3.65844
-0.252813 2.41384e-007 -1.31938e-006 -0.967515
-7.20778 1.1614 20.9322
-0.0866021 -0.0398371 -0.00682994 -0.995423
-2.88714 -2.79566 61.3511
0.0 0.0 -1.41065e-007 -1.0
5.02629 0.522727 44.6139
-0.207403 -0.0886347 -0.0101836 0.974179
3.36908 5.75161 53.2371
0.367273 -0.051029 0.0294496 0.928245
-10.9198 -9.48559 43.5846
-0.377336 0.0406758 0.0243774 0.924861
-10.4299 -1.78483 50.1094
0.00885065 0.0760766 -0.00223822 0.99706
-2.88714 -1.88299 38.9171
0.0 0.0 1.60335e-006 -1.0
0.464866 -7.33628 13.7779
0.267981 0.0 1.18555e-006 0.963424
0.922393 -18.181 30.4385
-0.509967 -0.0304176 0.0147859 0.859529
-6.77448 16.6137 8.19606
-0.396627 3.82514e-007 -1.28248e-006 -0.91798
-7.20777 2.36766 21.7091
-0.120255 -0.0395829 -0.00817479 -0.99192
-2.88714 -2.79566 61.8642
0.0 0.0 -1.41065e-007 -1.0
5.0201 3.41599 44.8678
-0.0949023 -0.0884991 -0.00514044 0.991532
3.27093 6.39153 54.4147
0.404876 -0.0495969 0.0320695 0.912462
-10.9109 -11.7688 44.4434
-0.395489 0.0412294 0.0260473 0.917175
-10.4305 -3.92214 50.7608
-0.0850602 0.0763939 0.00203277 0.993441
-2.88714 -1.88299 39.4302
0.0 0.0 1.60335e-006 -1.0
0.464866 -16.7151 13.1724
0.0473615 2.82094e-007 1.22419e-006 0.998878
0.922391 -19.081 32.7104
-0.557341 -0.029541 0.0164676 0.829595
-6.77448 20.2748 13.3699
-0.521631 4.68667e-007 -1.25708e-006 -0.853171
-7.20777 2.75724 22.2318
-0.131213 -0.03949 -0.00861184 -0.99053
-2.88714 -2.79566 62.2833
0.0 0.0 -1.41065e-007 -1.0
4.97592 5.64741 45.2652
-0.00348924 -0.0872005 -0.000856382 0.996184
3.21405 6.67144 55.1613
0.422245 -0.0484445 0.0332503 0.904576
-10.8927 -13.2842 45.1795
-0.39906 0.0418041 0.0265555 0.915586
-10.397 -5.46805 51.5371
-0.154148 0.07611 0.00536877 0.985097
-2.88714 -1.88299 39.8493
0.0 0.0 1.60335e-006 -1.0
0.464867 -22.449 13.8106
-0.0921248 4.20412e-007 1.25089e-006 0.995748
0.922389 -19.1802 33.1083
0.563234 0.0294229 -0.0166775 -0.825605
-6.77448 21.0975 17.1687
-0.604602 4.83668e-007 -1.23864e-006 -0.796528
-7.20777 2.08717 22.2148
-0.112395 -0.0396463 -0.00786096 -0.992841
-2.88714 -2.79566 62.439
0.0 0.0 -1.41065e-007 -1.0
4.95751 6.41619 45.1929
0.0377217 -0.085687 0.00140265 0.995607
3.22085 6.51032 55.1239
0.412208 -0.047824 0.032547 0.909251
-10.9012 -13.5347 45.2154
-0.386191 0.0421023 0.0259355 0.921093
-10.375 -5.93947 51.847
-0.175585 0.0757417 0.00680952 0.981523
-2.88714 -1.88299 40.005
0.0 0.0 1.60335e-006 -1.0
0.464867 -23.2433 11.9737
-0.134291 4.0658e-007 1.3e-006 0.990942
0.922387 -18.2121 30.8382
0.511462 0.0303916 -0.0148389 -0.85864
-6.77448 19.3298 19.1188
-0.653766 4.75464e-007 -1.23226e-006 -0.756696
-7.20776 -0.265143 21.5854
-0.0472014 -0.0400755 -0.00525039 -0.998067
-2.88714 -2.79566 62.208
0.0 0.0 -1.41065e-007 -1.0
5.01587 5.07958 44.0614
0.0120846 -0.0843242 0.00112553 0.996364
3.31002 5.63077 53.9754
0.360527 -0.0476755 0.0290036 0.931078
-10.9614 -11.9905 44.0943
-0.348207 0.0418541 0.0238097 0.93618
-10.3894 -4.95976 51.3163
-0.131145 0.0754593 0.00579381 0.98847
-2.88714 -1.88299 39.7741
0.0 0.0 1.60335e-006 -1.0
0.464868 -20.2387 7.84932
-0.117697 3.51863e-007 1.35843e-006 0.99305
0.922385 -15.6907 26.8215
0.406901 0.0319262 -0.0111607 -0.912846
-6.77448 15.72 20.562
0.687477 -4.5629e-007 1.21149e-006 0.726206
-7.20776 -4.16509 21.0995
0.0598034 -0.0404071 -0.000934523 -0.997392
-2.88714 -2.79566 61.7033
0.0 0.0 -1.41065e-007 -1.0
5.09518 1.93271 42.4179
-0.0617082 -0.0825827 -0.00095758 0.994671
3.44096 3.91486 52.1532
0.270005 -0.0475609 0.022755 0.961414
-11.0263 -8.85154 42.4253
-0.285343 0.0410743 0.0200368 0.957335
-10.398 -2.80004 50.4721
-0.035468 0.0746938 0.00291982 0.996571
-2.88714 -1.88299 39.2694
0.0 0.0 1.60335e-006 -1.0
0.464868 -14.0986 3.5071
-0.0614011 1.85809e-007 1.39052e-006 0.998113
0.922383 -11.5814 22.8687
0.270801 0.0332032 -0.00643283 -0.962041
-6.77448 11.5048 22.0277
-0.703878 3.621e-007 -1.2022e-006 -0.710321
-7.20776 -8.55513 21.5621
0.182833 -0.0402118 0.00407566 -0.982313
-2.88714 -2.79566 61.1098
0.0 0.0 -1.41065e-007 -1.0
5.11094 -2.20929 41.2723
-0.158303 -0.0802471 -0.00407866 0.984116
3.54752 1.61434 50.4571
0.160186 -0.0472014 0.0150783 0.985842
-11.0294 -4.88587 41.1848
-0.209494 0.0399536 0.0150732 0.976877
-10.351 -0.101474 50.0354
0.0832842 0.0729573 -0.000962121 0.993851
-2.88714 -1.88299 38.6758
0.0 0.0 1.60335e-006 -1.0
0.464868 -6.38663 0.800869
0.0155302 0.0 1.39319e-006 0.999879
0.922381 -6.76934 20.3488
-0.131419 -0.0337802 0.00165184 0.99075
-6.77448 7.889 23.3247
-0.700609 2.74828e-007 -1.16387e-006 -0.713546
-7.20776 -12.3192 23.0082
0.295703 -0.0394661 0.00871917 -0.954425
-2.88714 -2.79566 60.6123
0.0 0.0 -1.41065e-007 -1.0
5.04052 -6.26556 41.1038
-0.252047 -0.0776197 -0.00740631 0.964569
3.59746 -0.757021 49.4103
0.0535743 -0.0466755 0.00749324 0.997444
-10.9609 -1.06449 40.817
-0.133765 0.0389038 0.00968748 0.990202
-10.2467 2.36939 50.2738
0.19551 0.0704989 -0.00491443 0.978152
-2.88714 -1.88299 38.1783
0.0 0.0 1.60335e-006 -1.0
0.464868 0.619835 0.269813
0.0934395 0.0 1.38454e-006 0.995625
0.92238 -2.75326 19.5471
-0.0212048 -0.033756 -0.00208868 0.999203
-6.77448 5.53505 23.5387
0.673871 -1.93417e-007 1.18289e-006 0.738849
-7.20776 -14.7047 24.7093
0.374761 -0.0385951 0.0120007 -0.92624
-2.88714 -2.79566 60.3958
0.0 0.0 -1.41065e-007 -1.0
4.94664 -9.17652 41.6404
-0.318764 -0.0756909 -0.0101284 0.944753
3.60705 -2.56596 49.1197
-0.0261046 -0.0464728 0.0016468 0.998577
-10.8819 1.70996 41.0936
-0.0720437 0.0384864 0.00497122 0.996646
-10.1419 3.97503 50.8977
0.27294 0.068448 -0.00799796 0.95956
-2.88714 -1.88299 37.9618
0.0 0.0 1.60335e-006 -1.0
0.464822 7.19986 1.70513
-0.18948 1.97696e-007 -1.33013e-006 -0.981885
0.922335 0.151096 19.9506
0.0579064 -0.033485 -0.00475252 0.997749
-6.77443 3.74777 22.0279
0.613827 -1.51313e-007 1.15548e-006 0.789441
-7.20771 -16.0259 26.3442
0.423104 -0.0379082 0.0140202 -0.905179
-2.88714 -2.87983 60.651
0.000843931 0.0 -1.41806e-007 -1.0
4.9012 -11.0248 42.5975
-0.36012 -0.0753414 -0.0123579 0.929777
3.62126 -3.78099 49.4775
-0.0766267 -0.0473542 -0.00226298 0.995932
-10.8515 3.4126 41.7534
-0.0249014 0.0391514 0.0010717 0.998922
-10.0802 4.73236 51.7258
0.315172 0.0677229 -0.0103281 0.946559
-2.88714 -1.86779 38.217
-0.00188582 0.0 1.6032e-006 -0.999998
0.464458 14.1069 5.29345
-0.314198 3.25814e-007 -1.30526e-006 -0.949358
0.921971 2.57903 21.0594
0.12492 -0.0330893 -0.00699519 0.99159
-6.77407 1.25025 19.2448
0.517427 0.0 1.16047e-006 0.855727
-7.20735 -16.882 27.9991
0.457186 -0.0373483 0.0154501 -0.888452
-2.88714 -3.04817 61.2537
0.00253182 0.0 -1.43285e-007 -0.999997
4.89447 -12.446 43.8671
-0.3924 -0.0761413 -0.014587 0.916522
3.65141 -4.73425 50.2258
-0.112823 -0.0492126 -0.00524866 0.992382
-10.8556 4.62192 42.6788
0.0163845 0.0405958 -0.00263859 0.999038
-10.0466 5.08243 52.7221
0.341195 0.0679445 -0.0125292 0.93745
-2.88714 -1.83741 38.8207
-0.00565736 0.0 1.60286e-006 -0.999984
0.463945 19.8499 10.3314
-0.438209 4.52832e-007 -1.24688e-006 -0.898873
0.921461 4.49793 22.3739
0.179167 -0.0326555 -0.00880116 0.983237
-6.77356 -2.50558 15.8761
0.391727 0.0 1.24877e-006 0.920081
-7.20684 -17.3286 29.2803
0.476166 -0.0370079 0.0162489 -0.878426
-2.88714 -3.1744 61.9183
0.00379774 0.0 -1.44187e-007 -0.999993
4.91131 -13.4047 45.0608
-0.415189 -0.0774776 -0.0166367 0.906277
3.68879 -5.37918 51.0227
-0.137068 -0.0514182 -0.00749181 0.989198
-10.8787 5.51108 43.5467
0.0517875 0.0422738 -0.00613578 0.997744
-10.0347 5.21131 53.591
0.353899 0.0686765 -0.0144663 0.932647
-2.88714 -1.81463 39.4869
-0.00848597 0.0 1.60284e-006 -0.999964
0.464138 23.6019 15.1947
-0.536016 5.62413e-007 -1.22809e-006 -0.844208
0.921656 5.91 23.4227
0.220216 -0.0322579 -0.010162 0.974865
-6.77375 -7.42042 12.6974
0.248515 1.4199e-007 1.26391e-006 0.968628
-7.20704 -17.3935 29.8306
0.479007 -0.0369552 0.0163685 -0.87688
-2.88714 -3.13232 62.361
0.00337576 0.0 -1.43859e-007 -0.999994
4.93425 -13.864 45.8319
-0.428051 -0.0787344 -0.0183182 0.900132
3.72115 -5.66924 51.5611
-0.151734 -0.053308 -0.00917594 0.98694
-10.903 6.23711 44.068
0.0813346 0.0436431 -0.00936986 0.995687
-10.0358 5.28445 54.0697
0.355941 0.0694278 -0.0159978 0.931789
-2.88714 -1.82222 39.929
-0.00754311 0.0 1.60318e-006 -0.999972
0.464867 25.4447 17.8911
-0.588353 5.986e-007 -1.22383e-006 -0.808604
0.922387 6.83316 23.7689
0.24775 -0.0319571 -0.0110719 0.968233
-6.77448 -12.6767 10.1295
0.103816 2.41315e-007 1.31533e-006 0.994596
-7.20777 -17.051 29.3333
0.464259 -0.0372241 0.0157475 -0.884777
-2.88714 -2.79566 62.2951
0.0 0.0 -1.41065e-007 -1.0
4.94363 -13.7769 45.8595
-0.430457 -0.0792874 -0.019424 0.898912
3.73386 -5.55491 51.5512
-0.159158 -0.0541949 -0.0104824 0.985709
-10.9093 6.94623 43.9695
0.10509 0.044173 -0.0122212 0.993406
-10.0389 5.45332 53.9088
0.34982 0.0696742 -0.0169748 0.934068
-2.88714 -1.88299 39.8612
0.0 0.0 1.60335e-006 -1.0
0.400952 11.9096 0.0496009
-0.269851 2.96036e-007 -1.35734e-006 -0.962902
0.858465 1.92185 16.847
0.106641 -0.0332125 -0.00638472 0.993722
-6.71056 -14.0717 0.326581
-0.102095 2.14423e-007 1.36765e-006 0.994775
-7.14386 -9.78582 19.5633
-0.218653 0.0400363 -0.00554413 0.974965
-2.88715 0.352083 57.6773
-0.0316429 0.0 -1.19719e-007 -0.999499
4.94599 -6.83958 38.7039
-0.299592 -0.0753552 -0.0148778 0.95097
3.62547 -0.59882 46.5082
-0.0538823 -0.0475605 -0.0054261 0.997399
-10.9059 6.02018 37.5022
0.0539485 0.0390833 -0.00988074 0.99773
-10.1223 5.38295 47.5752
0.214625 0.0668797 -0.011784 0.974333
-2.88714 -2.45351 35.4967
0.0706579 3.13875e-007 1.5972e-006 -0.997501
0.414278 11.344 1.01095
-0.317448 2.86872e-007 -1.35791e-006 -0.948276
0.871795 -0.385949 16.6022
0.043232 -0.0335513 -0.00425973 0.998492
-6.72389 -10.7085 -0.830191
-0.0761473 0.0 1.3753e-006 0.997097
-7.15719 -7.37493 18.6259
-0.149169 0.0403282 -0.00269937 0.987985
-2.88715 0.801672 57.6588
-0.0361939 0.0 0.0 -0.999345
4.94464 -4.73986 38.2938
-0.269063 -0.0748243 -0.0138633 0.960111
3.60503 1.01812 46.4515
0.000966263 -0.0463743 -0.00221203 0.998921
-10.937 3.78449 37.1754
-0.0271852 0.038555 -0.00447488 0.998877
-10.1606 4.86376 47.1916
0.172988 0.0672043 -0.010238 0.982575
-2.88714 -2.53533 35.5549
0.0808038 3.64871e-007 1.59655e-006 -0.99673
0.440119 12.9135 5.22594
0.427738 -3.20759e-007 1.33709e-006 0.903903
0.897641 -2.35398 17.4258
-0.0103451 -0.0337316 -0.00245544 0.999374
-6.74973 -6.77278 -0.928444
-0.0164475 0.0 1.38379e-006 0.999865
-7.18303 -5.80091 18.776
-0.10504 0.0404083 -0.000901478 0.993646
-2.88715 0.88048 58.3721
-0.036993 0.0 0.0 -0.999316
4.94007 -3.37651 38.9481
-0.254593 -0.0748347 -0.0133655 0.964056
3.58976 2.18274 47.2365
0.0494346 -0.0458688 0.000786562 0.997723
-10.9422 1.37703 38.0917
-0.116142 0.0383902 0.00164321 0.992489
-10.1961 4.33684 47.7052
0.145872 0.0680299 -0.00926347 0.986918
-2.88714 -2.54968 36.2827
0.0825844 3.66426e-007 1.59115e-006 -0.996584
0.459359 13.7199 10.1563
0.52439 -3.44521e-007 1.27925e-006 0.851478
0.916885 -4.03443 18.58
-0.0561079 -0.0338087 -0.000907924 0.997852
-6.76897 -2.82571 -0.422106
0.0537499 0.0 1.3852e-006 0.998554
-7.20227 -4.66375 19.1945
0.0735442 -0.0404166 -0.000377687 -0.996473
-2.88715 0.792681 59.2224
-0.0361028 0.0 0.0 -0.999348
4.9404 -2.3054 39.8403
-0.242147 -0.0751986 -0.0129706 0.967234
3.57444 3.08647 48.2371
0.0928044 -0.0456899 0.00355586 0.994629
-10.924 -0.851262 39.4378
-0.195846 0.0382539 0.00732699 0.979861
-10.2322 3.72156 48.3997
0.121319 0.069035 -0.00838137 0.990174
-2.88714 -2.53369 37.1168
0.0806006 3.64696e-007 1.59129e-006 -0.996746
0.464866 12.713 11.8165
0.54381 -3.15678e-007 1.27127e-006 0.839208
0.922393 -5.49709 19.3693
-0.0961919 -0.0338179 0.000452427 0.994788
-6.77448 0.60054 -0.0052835
0.110953 0.0 1.40414e-006 0.993826
-7.20778 -3.49914 19.2507
0.0415001 -0.0403836 -0.00167565 -0.998321
-2.88715 0.741656 59.61
-0.0355857 0.0 0.0 -0.999367
4.94836 -1.05365 40.1911
-0.217417 -0.0756457 -0.0122007 0.973067
3.55257 3.92439 48.837
0.132408 -0.045463 0.00608488 0.990133
-10.9042 -2.66733 40.2382
-0.250112 0.038041 0.011282 0.967404
-10.2652 2.91497 48.6164
0.0871421 0.0697989 -0.00709828 0.993722
-2.88714 -2.5244 37.4952
0.0794481 3.63689e-007 1.59664e-006 -0.996839
0.45986 9.40621 8.67406
0.460347 -3.00618e-007 1.30518e-006 0.887739
0.917385 -6.93014 19.6075
-0.135903 -0.0337727 0.00180465 0.990145
-6.76947 3.5796 -0.143247
0.149825 -1.29327e-007 1.39934e-006 0.988712
-7.20277 -2.01445 18.7337
0.000798368 -0.0402818 -0.0033193 -0.999183
-2.88715 0.76028 59.3297
-0.0357744 0.0 0.0 -0.99936
4.96509 0.742757 39.7956
-0.171479 -0.076194 -0.0107821 0.982178
3.52096 4.87428 48.8685
0.17525 -0.0451667 0.00879846 0.983448
-10.9046 -4.32465 40.1129
-0.27854 0.0379711 0.0133526 0.959581
-10.2927 1.70278 48.1748
0.0329196 0.0702569 -0.00501658 0.996973
-2.88714 -2.52779 37.2183
0.0798688 3.21911e-007 1.59133e-006 -0.996805
0.442265 3.35509 3.96326
0.307221 0.0 1.30023e-006 0.951638
0.899787 -8.32604 19.6545
-0.175213 -0.033674 0.00314772 0.983949
-6.75187 6.40449 -0.470554
-0.182916 1.51602e-007 -1.36345e-006 -0.983129
-7.18518 -0.433901 17.9982
-0.0425602 -0.0400999 -0.00506414 -0.998276
-2.88715 0.752378 58.7283
-0.0356943 0.0 0.0 -0.999363
4.97729 2.85553 39.1919
-0.11256 -0.076798 -0.00897585 0.990632
3.48129 5.84403 48.6931
0.221223 -0.0449529 0.0117334 0.974116
-10.9124 -6.02287 39.6159
-0.292978 0.0381675 0.0143894 0.955249
-10.3052 0.165814 47.5574
-0.0342249 0.0704711 -0.00241754 0.996924
-2.88714 -2.52635 36.6155
0.0796903 3.639e-007 1.59663e-006 -0.99682
0.414444 -4.69483 0.698203
0.122052 0.0 1.33089e-006 0.992524
0.871962 -9.48167 19.6124
-0.208401 -0.0335481 0.0042852 0.977458
-6.72405 8.93182 -0.720533
-0.213814 2.15064e-007 -1.35796e-006 -0.976874
-7.15735 0.949021 17.2876
-0.0807131 -0.0398768 -0.00659425 -0.995917
-2.88715 0.727957 58.0352
-0.0354469 0.0 0.0 -0.999372
4.9732 4.87594 38.6527
-0.0522378 -0.077141 -0.00707617 0.995626
3.43952 6.64523 48.4477
0.261215 -0.0447503 0.0143081 0.964137
-10.9134 -7.50697 39.0609
-0.296365 0.0384747 0.0145827 0.954188
-10.2938 -1.3478 47.0467
-0.100082 0.0702941 0.000165774 0.992493
-2.88714 -2.5219 35.918
0.0791388 3.21274e-007 1.59138e-006 -0.996864
0.386853 -12.1623 0.0997384
-0.0456145 1.75703e-007 1.34482e-006 0.998959
0.844367 -10.2172 19.5365
0.229911 0.0334454 -0.00502413 -0.972624
-6.69646 11.0172 -0.670134
-0.246032 2.37477e-007 -1.36281e-006 -0.969262
-7.12976 1.85427 16.7619
-0.105885 -0.0396972 -0.00760108 -0.993557
-2.88715 0.697022 57.4797
-0.0351335 0.0 0.0 -0.999383
4.95864 6.39356 38.2866
-0.00240931 -0.0771052 -0.00541822 0.997005
3.40817 7.12289 48.2117
0.286486 -0.0445525 0.0159609 0.956915
-10.9072 -8.51015 38.6287
-0.291494 0.0387233 0.0141742 0.955683
-10.2675 -2.50105 46.7639
-0.150586 0.0698304 0.00219206 0.986125
-2.88714 -2.51627 35.3569
0.0784402 3.20665e-007 1.59143e-006 -0.996919
0.374471 -16.2952 0.806109
-0.145444 2.44422e-007 1.36972e-006 0.989366
0.831983 -10.3648 19.4727
0.234269 0.0334224 -0.00517406 -0.971583
-6.68408 12.5109 -0.0921314
-0.282969 3.04882e-007 -1.34403e-006 -0.959129
-7.11738 2.01573 16.55
-0.110396 -0.0396622 -0.00778127 -0.993065
-2.88715 0.669586 57.2911
-0.0348556 0.0 0.0 -0.999392
4.95122 7.01155 38.094
0.0250661 -0.0767272 -0.00437347 0.996727
3.40172 7.13973 48.0488
0.288499 -0.0443747 0.0161417 0.956315
-10.904 -8.79182 38.4088
-0.281093 0.0387508 0.0134353 0.958804
-10.2472 -2.99781 46.726
-0.172135 0.0693551 0.00312831 0.982624
-2.88714 -2.51128 35.1635
0.0778208 3.6227e-007 1.59412e-006 -0.996967
0.387401 -16.367 1.00664
-0.16308 2.5648e-007 1.37857e-006 0.986613
0.844911 -9.71604 19.4583
0.215219 0.0335172 -0.00451929 -0.97598
-6.69701 13.567 1.57313
-0.338744 3.43478e-007 -1.34121e-006 -0.940878
-7.13031 1.13321 16.779
-0.0858197 -0.0398424 -0.00679865 -0.995491
-2.88715 0.644613 57.6486
-0.0346027 0.0 0.0 -0.999401
4.96389 6.43574 38.0369
0.0257595 -0.0759113 -0.00405166 0.996774
3.42956 6.48555 48.0038
0.256721 -0.0441369 0.0141961 0.965373
-10.9122 -8.12574 38.4244
-0.26244 0.0384057 0.012234 0.964106
-10.2446 -2.66341 46.965
-0.15596 0.0689442 0.00266713 0.985351
-2.88714 -2.50673 35.5167
0.077257 3.19633e-007 1.59151e-006 -0.997011
0.41576 -13.7479 0.640963
-0.1293 1.90879e-007 1.38084e-006 0.991605
0.87327 -8.36318 19.5057
0.17627 0.0336703 -0.00318398 -0.983761
-6.72537 14.0814 4.44739
-0.409819 3.08067e-007 -1.32197e-006 -0.912167
-7.15866 -0.629439 17.442
-0.0371864 -0.0401264 -0.00484818 -0.998491
-2.88715 0.615424 58.3994
-0.0343071 0.0 0.0 -0.999411
4.98229 4.86925 38.1318
0.00746677 -0.0747116 -0.00430857 0.997168
3.47281 5.20631 48.1158
0.196338 -0.0437397 0.0104624 0.979504
-10.9245 -6.64792 38.6245
-0.233541 0.0377692 0.010374 0.971558
-10.2481 -1.68819 47.4522
-0.111051 0.0684419 0.00115853 0.991455
-2.88714 -2.50142 36.2624
0.0765981 3.19058e-007 1.59155e-006 -0.997062
0.443579 -9.51486 0.248428
-0.0657115 0.0 1.38622e-006 0.997839
0.901089 -6.59852 19.6377
0.126663 0.0337877 -0.00148974 -0.991369
-6.75319 13.7224 7.83794
0.474256 -3.52683e-007 1.32021e-006 0.880387
-7.18648 -2.81863 18.4638
0.0228342 -0.040345 -0.00243005 -0.998922
-2.88715 0.583575 59.2746
-0.0339847 0.0 0.0 -0.999422
4.9851 2.70323 38.4529
-0.0231971 -0.0734189 -0.00508585 0.997018
3.50471 3.5809 48.4352
0.122765 -0.0431861 0.00590333 0.991478
-10.927 -4.69142 38.9896
-0.198268 0.0370409 0.00802995 0.979415
-10.2429 -0.351164 48.1188
-0.0507557 0.0677771 -0.00093263 0.996408
-2.88714 -2.49562 37.1322
0.0758794 3.1843e-007 1.59423e-006 -0.997117
0.460404 -4.85889 0.198884
0.00566154 0.0 1.3913e-006 0.999984
0.917915 -4.76079 19.7908
-0.0759707 -0.0338197 -0.000234289 0.996536
-6.77001 12.5773 10.5688
0.512747 -3.36546e-007 1.28429e-006 0.858539
-7.2033 -4.94622 19.6058
0.0813447 -0.040418 -6.1103e-005 -0.995866
-2.88715 0.550624 60.0055
-0.0336511 0.0 0.0 -0.999434
4.96742 0.423896 38.9334
-0.0595853 -0.0723598 -0.00619894 0.995578
3.51532 1.97785 48.8636
0.052403 -0.0426406 0.00153666 0.997714
-10.9162 -2.63 39.4019
-0.160619 0.036444 0.00544002 0.986328
-10.2239 1.0329 48.8078
0.0111711 0.0670156 -0.00313141 0.997684
-2.88714 -2.48963 37.8574
0.0751358 3.17782e-007 1.59428e-006 -0.997173
0.464868 -1.08492 0.303916
0.0623171 0.0 1.39112e-006 0.998056
0.922379 -3.22368 19.7688
-0.0340072 -0.03378 -0.00165593 0.998849
-6.77448 10.9209 11.1922
0.507479 -2.90796e-007 1.28729e-006 0.861664
-7.20777 -6.53522 20.418
0.125535 -0.0403807 0.00173576 -0.991266
-2.88715 0.518127 60.3232
-0.0333223 0.0 0.0 -0.999445
4.94735 -1.43045 39.2886
-0.0950422 -0.0719059 -0.00736447 0.992846
3.51595 0.810699 49.1026
0.0021185 -0.0424542 -0.00159815 0.999095
-10.9047 -0.856716 39.5854
-0.12472 0.0362216 0.00291707 0.991526
-10.2005 2.13408 49.2181
0.0607902 0.0664348 -0.00496364 0.995925
-2.88714 -2.48371 38.1697
0.0744026 3.17143e-007 1.5917e-006 -0.997228
0.461982 1.73398 0.191835
0.10418 0.0 1.39343e-006 0.994558
0.919494 -2.04343 19.3995
-0.0018999 -0.0337093 -0.00274032 0.999426
-6.77159 8.412 9.03068
0.445439 -2.48247e-007 1.31138e-006 0.895312
-7.20488 -7.51933 20.6419
0.153257 -0.0403163 0.00286639 -0.987359
-2.88715 0.485855 60.1343
-0.0329958 0.0 0.0 -0.999456
4.94436 -2.77668 39.3054
-0.130942 -0.0722229 -0.00856628 0.988719
3.52484 0.188264 48.9184
-0.0240946 -0.0429032 -0.00326583 0.998783
-10.9059 0.60156 39.3524
-0.0903441 0.0364808 0.000475598 0.995242
-10.1838 2.91908 49.1669
0.0967863 0.0662557 -0.00641331 0.993077
-2.88714 -2.47784 37.9754
0.0736746 3.16508e-007 1.59174e-006 -0.997282
0.453902 4.40779 -0.0303646
-0.146002 1.68154e-007 -1.36214e-006 -0.989284
0.911415 -0.990098 18.7775
0.0267614 -0.0336169 -0.00370588 0.99907
-6.76351 4.37694 5.38793
0.335181 -1.2975e-007 1.31438e-006 0.942154
-7.1968 -8.21385 20.4866
0.173037 -0.0402507 0.00367471 -0.984086
-2.88715 0.452768 59.6179
-0.0326611 0.0 0.0 -0.999466
4.95179 -3.92601 39.12
-0.171575 -0.073004 -0.00996432 0.982412
3.54462 -0.136135 48.4166
-0.0371701 -0.0438485 -0.00414393 0.998338
-10.9138 1.99316 38.8633
-0.0547887 0.0370552 -0.0020686 0.997808
-10.1709 3.59501 48.82
0.128306 0.0663477 -0.0077936 0.989482
-2.88714 -2.47182 37.4536
0.0729283 3.15857e-007 1.59179e-006 -0.997337
0.441108 6.97107 -0.244172
-0.187644 1.96813e-007 -1.35147e-006 -0.982237
0.898621 -0.0124914 18.0248
0.0534326 -0.033506 -0.00460232 0.997999
-6.75072 -1.2786 1.95361
0.192563 0.0 1.33275e-006 0.981285
-7.18401 -8.74438 20.1064
0.188289 -0.0401889 0.00429891 -0.981282
-2.88715 0.419213 58.9144
-0.0323217 0.0 0.0 -0.999478
4.96031 -4.94056 38.8506
-0.214693 -0.0739555 -0.0115352 0.973809
3.57176 -0.290451 47.7223
-0.0427423 -0.0450875 -0.00457148 0.998058
-10.9215 3.34496 38.2617
-0.0185511 0.0377844 -0.00467358 0.999103
-10.159 4.20429 48.312
0.157222 0.066582 -0.00913194 0.985274
-2.88714 -2.46572 36.7445
0.0721715 3.15197e-007 1.59184e-006 -0.997392
0.423606 9.45971 -0.320437
-0.228972 2.25521e-007 -1.35538e-006 -0.973433
0.881119 0.941217 17.2758
0.0795744 -0.0333738 -0.00547902 0.996255
-6.73321 -7.84487 0.0795711
0.0387012 0.0 1.35504e-006 0.999251
-7.16651 -9.23039 19.6781
0.202384 -0.0401231 0.00487651 -0.978472
-2.88715 0.385536 58.164
-0.0319811 0.0 -1.1971e-007 -0.999488
4.96071 -5.88699 38.6178
-0.25808 -0.0748133 -0.0132165 0.963132
3.60078 -0.402277 46.9793
-0.0464389 -0.0464003 -0.00488643 0.997831
-10.9215 4.68064 37.6991
0.0178636 0.0385113 -0.007295 0.999072
-10.1443 4.78766 47.7886
0.185387 0.0668131 -0.0104541 0.980336
-2.88714 -2.45959 35.9887
0.0714122 3.14535e-007 1.59189e-006 -0.997447
0.400952 11.9096 -0.12058
-0.269851 2.96036e-007 -1.35734e-006 -0.962902
0.858465 1.92185 16.6769
0.106641 -0.0332125 -0.00638472 0.993722
-6.71056 -14.0717 0.156399
-0.102095 2.14423e-007 1.36765e-006 0.994775
-7.14386 -9.78582 19.3931
-0.218653 0.0400363 -0.00554413 0.974965
-2.88715 0.352083 57.5071
-0.0316429 0.0 -1.19719e-007 -0.999499
4.94599 -6.83958 38.5337
-0.299592 -0.0753552 -0.0148778 0.95097
3.62547 -0.59882 46.338
-0.0538823 -0.0475605 -0.0054261 0.997399
-10.9059 6.02018 37.332
0.0539485 0.0390833 -0.00988074 0.99773
-10.1223 5.38295 47.405
0.214625 0.0668797 -0.011784 0.974333
-2.88714 -2.45351 35.3265
0.0706579 3.13875e-007 1.5972e-006 -0.997501
