=== Run information ===

Scheme:       weka.clusterers.EM -I 100 -N -1 -X 10 -max -1 -ll-cv 1.0E-6 -ll-iter 1.0E-6 -M 1.0E-6 -K 10 -num-slots 1 -S 100
Relation:     AirQualityUCI all numeric random- custer-weka.filters.unsupervised.attribute.Remove-R5-weka.filters.unsupervised.attribute.Normalize-S1.0-T0.0-unset-class-temporarily
Instances:    9358
Attributes:   14
              Date
              Time
              CO(GT)
              PT08S1(CO)
              C6H6(GT)
              PT08S2(NMHC)
              NOx(GT)
              PT08S3(NOx)
              NO2(GT)
              PT08S4(NO2)
              PT08S5(O3)
              T
              RH
              AH
Test mode:    split 66% train, remainder test


=== Clustering model (full training set) ===


EM
==

Number of clusters selected by cross validation: 15
Number of iterations performed: 78


               Cluster
Attribute            0       1       2       3       4       5       6       7       8       9      10      11      12      13      14
                (0.05)  (0.05)  (0.05)  (0.11)  (0.06)  (0.05)  (0.06)  (0.08)  (0.05)  (0.06)  (0.12)  (0.05)  (0.05)  (0.08)  (0.07)
=======================================================================================================================================
Date
  mean           0.9591  0.9598  0.0856  0.4956  0.3774  0.0881  0.6024  0.4212  0.2172  0.2718  0.6569  0.5178  0.8034   0.619  0.0977
  std. dev.      0.0549   0.048  0.0763  0.1829  0.1386  0.0793  0.3384  0.3576  0.0816   0.111  0.1381  0.1589   0.076  0.1549  0.0778

Time
  mean            0.464   0.581  0.4579   0.646   0.619  0.6191  0.6291  0.2587  0.3057  0.5402  0.5026  0.6584  0.5719  0.1603  0.5787
  std. dev.      0.3263  0.2773  0.2994  0.2242  0.2271  0.2303  0.2179  0.2129  0.2928  0.3251  0.3406  0.1422   0.218  0.0817  0.3007

CO(GT)
  mean           0.1345  0.2653  0.0969  0.1864  0.2777  0.2754  0.4244  0.0709  0.0971  0.1541  0.1347  0.0948  0.2452  0.0863  0.1672
  std. dev.      0.0463  0.0982  0.0406  0.0299  0.0641  0.0835  0.1378  0.0571  0.0462  0.0369  0.0374  0.0409  0.0624  0.0604  0.0561

PT08S1(CO)
  mean           0.2239  0.3866  0.2227  0.3652  0.4945  0.4895  0.6495  0.1275  0.2565  0.3357  0.2792  0.1954  0.4909  0.1592  0.3446
  std. dev.      0.0625  0.0827   0.041  0.0742  0.0956  0.0781  0.1059  0.0477   0.054  0.0678   0.048  0.0502   0.066   0.038  0.0486

C6H6(GT)
  mean           0.0867  0.1992  0.0617  0.2007  0.2972  0.2351  0.4424  0.0227  0.0606  0.1377  0.1286  0.0813  0.2933   0.055  0.1288
  std. dev.      0.0293   0.053  0.0185  0.0246  0.0471  0.0467  0.1012  0.0109  0.0186   0.021  0.0246  0.0228    0.05  0.0179  0.0278

PT08S2(NMHC)
  mean           0.2207  0.3722  0.1774  0.3795   0.482  0.4161  0.6113   0.087  0.1754  0.2953  0.2847  0.2127  0.4779  0.1641  0.2844
  std. dev.      0.0489  0.0635  0.0355  0.0286  0.0464  0.0527  0.0814  0.0329  0.0364  0.0263  0.0336  0.0394  0.0498  0.0362  0.0374

NOx(GT)
  mean           0.1658  0.3399  0.1324  0.1245  0.1548  0.3703  0.4221  0.0699   0.088  0.1058  0.1054  0.0652  0.2478  0.0826  0.2153
  std. dev.      0.0397  0.1336  0.0333  0.0438  0.0338  0.1032  0.1886  0.0532  0.0479  0.0422  0.0548  0.0481  0.0834  0.0641   0.058

PT08S3(NOx)
  mean           0.2653   0.159   0.245  0.1836  0.1512  0.0943  0.0693  0.4285  0.2979  0.2485  0.2014  0.2951   0.096  0.2978  0.1605
  std. dev.      0.0952  0.0515  0.0338   0.041  0.0314  0.0325   0.042  0.1073  0.0811  0.0324  0.0313  0.0557  0.0201  0.0497  0.0314

NO2(GT)
  mean           0.3132  0.4225  0.3647  0.3394  0.3961  0.5425  0.4905  0.1962  0.2543  0.2976  0.2588  0.2175  0.3245  0.2082  0.4623
  std. dev.      0.0573  0.1019  0.0712   0.048  0.0744   0.126  0.1295  0.0896  0.0612  0.0464  0.0655  0.0727  0.0775  0.0958  0.0996

PT08S4(NO2)
  mean            0.248  0.3658  0.1682  0.5128  0.6251  0.3864  0.6511  0.2024  0.3407  0.4429  0.4504  0.3729  0.5779  0.3821  0.2874
  std. dev.      0.0637  0.0709   0.036  0.0554  0.0602  0.0633  0.1461  0.0932  0.0619  0.0354  0.0564   0.065  0.0582  0.0515  0.0672

PT08S5(O3)
  mean           0.2797  0.4596  0.2504  0.3759  0.5142  0.5654  0.7017  0.1129  0.2423   0.321  0.3038  0.1548  0.5225  0.2089  0.3819
  std. dev.       0.065  0.1053  0.0909  0.0698  0.0809   0.096  0.1003  0.0573  0.0683  0.0604  0.0605  0.0396  0.0666  0.0544  0.0749

T
  mean           0.2782  0.3129  0.1848  0.6194  0.5498     0.3  0.4197  0.2744  0.3201  0.4155  0.5663  0.6666  0.5321  0.4924  0.2946
  std. dev.       0.076  0.0927  0.0842  0.1569  0.1622  0.1115  0.1489  0.1252  0.0615  0.0846   0.125  0.1458  0.0815  0.0778  0.1317

RH
  mean           0.6068    0.61   0.509  0.3308  0.3861  0.5599  0.5704  0.5304  0.6623  0.4972   0.493  0.2371     0.6  0.5885  0.5306
  std. dev.      0.2335  0.2058  0.2002  0.1871  0.1934  0.2009  0.1823  0.1856   0.133  0.1661  0.1929  0.1156  0.1527  0.1481  0.2135

AH
  mean           0.2825  0.3235  0.1431  0.4771  0.4382  0.2763  0.4458  0.2471    0.36  0.3659  0.5969  0.4484  0.6597  0.5797  0.2558
  std. dev.      0.1393  0.1272  0.0607  0.1472  0.1256  0.1129  0.1754   0.134  0.0853  0.0746  0.1522  0.1754  0.1017  0.1387  0.1239



Time taken to build model (full training data) : 1372.52 seconds

=== Model and evaluation on test split ===

EM
==

Number of clusters selected by cross validation: 8
Number of iterations performed: 91


               Cluster
Attribute            0       1       2       3       4       5       6       7
                 (0.2)  (0.13)  (0.07)  (0.06)  (0.12)  (0.08)  (0.19)  (0.15)
===============================================================================
Date
  mean           0.4959  0.5843  0.0896  0.9639  0.6152  0.0952  0.4468  0.5008
  std. dev.      0.2191  0.3178  0.0782  0.0451  0.2533  0.0788  0.3093  0.2042

Time
  mean            0.534  0.6126  0.6207  0.5521  0.3521  0.4974  0.3228  0.6402
  std. dev.      0.3198  0.2227  0.2481  0.2953  0.3054  0.3192  0.2591  0.2252

CO(GT)
  mean           0.1285  0.3613  0.2397  0.2177  0.1433  0.1167  0.0697  0.2054
  std. dev.      0.0365  0.1315  0.0798  0.0893  0.0522  0.0451  0.0443  0.0425

PT08S1(CO)
  mean           0.2874  0.5914  0.4256  0.3304   0.209  0.2764   0.165  0.4016
  std. dev.      0.0612  0.1097  0.0788  0.0835   0.072  0.0558  0.0576  0.0815

C6H6(GT)
  mean           0.1275  0.3822  0.1897  0.1608  0.0763  0.0857  0.0441  0.2221
  std. dev.      0.0275  0.1012  0.0455  0.0509  0.0399   0.025   0.021  0.0394

PT08S2(NMHC)
  mean           0.2825  0.5586  0.3618  0.3245  0.1976  0.2201  0.1384   0.403
  std. dev.      0.0376  0.0851  0.0565  0.0655  0.0711  0.0419  0.0491  0.0439

NOx(GT)
  mean           0.0847  0.3408  0.3107  0.2843  0.1637  0.1609  0.0545  0.1378
  std. dev.       0.044  0.1797  0.1026  0.1203       0  0.0425  0.0364   0.047

PT08S3(NOx)
  mean           0.2245  0.0875  0.1247  0.1887   0.282  0.2025  0.3527  0.1694
  std. dev.      0.0444   0.043  0.0443  0.0598  0.0802  0.0363  0.1014   0.041

NO2(GT)
  mean           0.2541  0.4463  0.5258  0.3916  0.3274  0.4046  0.1832  0.3459
  std. dev.      0.0629  0.1298  0.1217  0.0959       0  0.0853  0.0744    0.06

PT08S4(NO2)
  mean           0.4412  0.6208  0.3502  0.3223  0.3589  0.2148  0.2806  0.5377
  std. dev.      0.0548  0.1265  0.0653  0.0774  0.0906  0.0564  0.1127  0.0612

PT08S5(O3)
  mean           0.2932  0.6371  0.4891  0.4003  0.2278   0.309  0.1662  0.4152
  std. dev.      0.0687  0.1118  0.1099  0.0982  0.0786  0.0915  0.0724    0.08

T
  mean           0.5367    0.45  0.3149   0.303  0.4452  0.2261    0.37  0.5887
  std. dev.      0.1538   0.156  0.1235  0.0952  0.1634  0.1044  0.1772  0.1554

RH
  mean           0.4551  0.5491  0.5309  0.5892  0.5603  0.5359  0.5289  0.3831
  std. dev.      0.2067  0.1942  0.1974  0.2236  0.2033  0.2199   0.205  0.2027

AH
  mean           0.5001  0.4671  0.2769  0.2997  0.4693  0.1925  0.3563  0.4939
  std. dev.      0.1704  0.1733  0.1168  0.1349    0.18  0.1074  0.1969  0.1514



Time taken to build model (percentage split) : 250.94 seconds

Clustered Instances

0       542 ( 17%)
1       463 ( 15%)
2       220 (  7%)
3       221 (  7%)
4       425 ( 13%)
5       265 (  8%)
6       579 ( 18%)
7       467 ( 15%)


Log likelihood: 13.44398

