55
-95.6836 0.14986 -185.984
5  01  02  03  04  46  47
-199.176 0.14986 -213.11
4  02  01  03  04  10
-104.568 0.14986 -278.471
4  03  01  02  04  49
-185.959 0.14986 -264.307
4  04  02  03  01  05
-252.305 0.14986 -456.089
3  05  07  06  04
-245.198 0.14986 -528.272
3  06  05  07  51
-342.507 0.14986 -522.413
3  07  08  06  05
-497.273 0.14986 -456.984
2  08  07  09
-366.469 0.14986 -215.506
2  09  08  10
-279.084 0.14986 -166.158
3  10  02  09  11
-318.449 0.14986 -29.2423
3  11  10  12  13
-449.238 0.14986 72.4308
3  12  11  13  17
-225.014 0.14986 80.5445
3  13  11  12  14
-121.662 0.14986 115.889
3  14  13  15  45
-121.662 0.14986 263.81
2  15  14  24
-376.158 0.14986 263.81
3  16  15  17  19
-452.444 0.14986 199.384
3  17  12  16  18
-503.722 0.14986 251.851
2  18  17  19
-493.628 0.14986 311.251
3  19  16  18  20
-538.926 0.14986 376.724
2  20  19  21
-493.631 0.14986 490.577
2  21  20  22
-363.914 0.14986 490.577
2  22  21  23
-106.423 0.14986 490.577
2  23  22  24
-106.423 0.14986 336.965
3  24  15  23  25
57.0673 0.14986 362.727
3  25  26  24  30
236.03 0.14986 526.455
2  26  27  25
352.414 0.14986 505.075
2  27  41  26
356.301 0.14986 233.363
3  28  29  27  37
235.043 0.14986 147.826
3  29  32  30  28
157.998 0.14986 206.907
3  30  25  29  31
95.2633 0.14986 133.241
3  31  30  32  45
210.274 0.14986 -8.76212
4  32  33  34  29  31
396.642 0.14986 -25.4158
2  33  32  34
470.491 0.14986 -93.2047
3  34  35  33  42
569.859 0.14986 -11.753
2  35  36  34
509.915 0.14986 69.6454
3  36  37  38  35
442.94 0.14986 167.942
2  37  28  36
624.926 0.14986 126.861
2  38  36  39
584.695 0.14986 248.193
2  39  38  40
554.621 0.14986 397.793
2  40  41  39
489.015 0.14986 567.169
2  41  40  27
337.992 0.14986 -300.903
3  42  55  43  34
242.614 0.14986 -319.163
3  43  48  42  44
170.097 0.14986 -172.514
3  44  43  47  32
17.9157 0.14986 76.2183
3  45  14  31  46
-43.1096 0.14986 -64.974
3  46  45  47  01
53.7084 0.14986 -146.197
3  47  46  44  01
113.474 0.14986 -396.719
3  48  49  43  50
-24.3998 0.14986 -396.603
2  49  03  48
126.428 0.14986 -527.248
3  50  51  52  48
-68.3948 0.14986 -609.524
2  51  06  50
223.351 0.14986 -562.193
2  52  50  53
283.055 0.14986 -659.928
2  53  52  54
376.795 0.14986 -608.235
2  54  55  53
453.385 0.14986 -366.131
2  55  42  54
