=== Run information ===

Scheme:       weka.clusterers.EM -I 100 -N -1 -X 10 -max -1 -ll-cv 1.0E-6 -ll-iter 1.0E-6 -M 1.0E-6 -K 10 -num-slots 1 -S 100
Relation:     AirQualityUCI-weka.filters.unsupervised.attribute.Remove-R5-weka.filters.unsupervised.attribute.Normalize-S1.0-T0.0-weka.filters.unsupervised.attribute.Normalize-S1.0-T0.0-weka.filters.unsupervised.attribute.Normalize-S1.0-T0.0-weka.filters.unsupervised.attribute.Normalize-S1.0-T0.0-weka.filters.unsupervised.attribute.Normalize-S1.0-T0.0-weka.filters.unsupervised.attribute.Normalize-S1.0-T0.0-unset-class-temporarily
Instances:    9357
Attributes:   14
              Date
              Time
              CO(GT)
              PT08S1(CO)
              C6H6(GT)
              PT08S2(NMHC)
              NOx(GT)
              PT08S3(NOx)
              NO2(GT)
              PT08S4(NO2)
              PT08S5(O3)
              T
              RH
              AH
Test mode:    evaluate on training data


=== Clustering model (full training set) ===


EM
==

Number of clusters selected by cross validation: 15
Number of iterations performed: 41


                Cluster
Attribute             0        1        2        3        4        5        6        7        8        9       10       11       12       13       14
                 (0.05)   (0.06)   (0.06)   (0.07)   (0.06)   (0.08)   (0.04)   (0.06)   (0.07)   (0.07)   (0.07)   (0.09)   (0.09)   (0.07)   (0.07)
======================================================================================================================================================
Date
  1                    1   1.0059  42.2981 153.1483        1    1.001   1.0024   1.0004    1.265   35.579  112.936 188.6924 170.6552  47.4164        1
  2               1.9753        1  17.8825 215.1602   1.0006   1.0001        1   1.0001   1.0014  43.8276  89.7364 126.6627 182.5195   2.2334   1.0003
  3              48.6485    1.716  72.8354  84.3055   1.0299 115.2634   1.3862   3.6086   2.3579  97.6086  131.735 180.0236 205.0838 283.1623  40.2351
  4              37.6349  31.9756  44.3672  27.6795   7.0416 166.8042   1.0126    5.157  99.5483 136.5346    93.14   4.6006  11.9512  97.1838  57.3689
  5              80.9997 108.3991  22.6541        1  68.5834 130.8987   3.2175  27.6479  47.5197    99.91  28.0499   1.0014   1.0001  11.2046 126.9139
  6              59.0202 121.7088  24.4995        1 105.8544 128.1999   2.5952  49.7575  29.5301  56.7145   8.1415        1        1   1.0001 144.9784
  7              96.5353  90.9268  26.0842        1  124.624 120.5932  10.4661  63.1443   18.003  11.0801   1.0008        1   1.0001   1.0001 192.5422
  8             129.1377  103.456   2.3901        1 125.3002   3.1825  21.4139 117.3981 157.9966  51.0386   1.0002        1        1        1   42.686
  9              28.6912  97.6499  60.8815        1  49.0347  47.4608  63.1635  84.9782 110.4016  60.7465   6.7121  24.6591   1.6146  12.5013  85.5051
  10              1.0003  30.7715  73.0572        1    84.08    2.448 215.1038 167.5717  157.163   7.8761  10.7633   1.0436   1.0334   3.5247   2.5634
  11              1.0071  22.1637  96.6562  45.3427  10.8249   1.0187  53.3205  31.6616  12.7719  11.5732  99.5531  148.203 136.4871  63.4152    1.001
  12                   1   1.1304  46.5402  101.377   1.0001   1.0069   4.8507   1.1205   3.4389  29.3688  85.0788 198.9047 160.5407  122.642   1.0003
  [total]       486.6504 611.9038 530.1461 633.0133 579.3737 718.8773 378.5323 554.0458 640.9974 641.8577 667.8471  876.791 873.8856 646.2839 696.7945
Time
  0               5.1373  10.4274   2.0261  35.4012  53.3169   8.9687   5.0413  57.7294  34.4066  50.0584  23.6643  21.2039  47.7353  44.5712   5.3122
  1               2.0139  28.3269   2.0968  31.6277   87.448   5.4514   2.6433  22.4685     41.8  27.4046  35.1944  14.5499  40.5697  62.3073   1.0975
  2               1.0208  73.3269        1   29.127  64.3057        1   1.9999   7.5728  40.3631  20.4461  55.2133   8.0785  25.9644  74.5814        1
  3                    1  77.2962        1  38.1584        1   1.0029   1.9999    2.162  117.889  17.0838  81.5558   4.9898  10.8701   47.992        1
  4               1.0025 131.3303        1  25.4638  23.9324        1        2   1.0317  31.3297  14.3295  103.143   3.1126  10.3505  54.9741        1
  5                1.003 104.0162        1  21.7927  45.1906        1   1.9991   2.5922  36.4947  14.1336 107.5923   3.0015   9.3109  54.8732        1
  6               1.0592    38.57        1     32.4  78.0772        1        1  22.9536  38.4424  34.3704  77.3306   2.9878   12.525   62.283   1.0008
  7               2.0658  16.1929  21.2673  30.7034  22.4787  51.1554  39.7762  36.0571  14.6823   27.206  42.6311  10.5981   37.838  51.2522   1.0955
  8                1.092   9.6993  82.4793    18.92  23.8251  43.2461  28.8443  26.6019  11.0332  19.7531  15.9526  69.6605  34.9001  17.8528   1.1398
  9               2.6443  11.8936  60.6502  20.4459  21.3447  66.1816  38.5395  26.9199  14.6188  25.1794    9.818  52.3819  28.5569  18.8331   6.9924
  10              16.764   9.0551  17.4004  31.5767   12.979  55.1803  30.0865  26.9532  19.5264   24.869   7.9987   70.166  25.5234  16.2918  40.6296
  11             44.2457   9.4235   9.0491  31.2556   6.3919  37.1828  24.9182  20.9245  19.9155  24.3001   9.0869  63.6951  35.5623  11.6431  57.4057
  12             50.4806  10.1813   9.3296  32.1151    3.072  31.4257  23.2097  15.0379  16.7672  20.9642   9.3624  47.1382  49.7722  11.5988  74.5451
  13             52.6437  14.6886  13.1131  33.3245   3.0818  28.6525  25.4379  12.5932    14.82   23.818   9.7869  41.2881  49.8304   5.4518  76.4694
  14             55.8875  22.1458  11.1733  25.4015   5.0311  17.4087  19.7378  12.1521  28.0412   22.216  13.3498  48.3599   46.545   7.5666  69.9836
  15             57.6002  17.1751  10.3023    32.29   1.5531   14.238   18.991  21.5479  23.8726  28.3694  11.9139  42.9999  42.8178   7.6693  72.6593
  16             61.5373  10.0053  17.9126  29.4751   2.5967  20.9805  23.2222  14.2517   19.494  24.8338   9.4983  42.0514  46.7237   7.3845  74.0328
  17             41.8343   7.1899  40.8532  27.1063   1.2422  61.8013  15.9672   13.611  11.6229  25.0503    6.023  50.9144  44.1043   4.6363  52.0436
  18              35.085   2.7796  66.4548  17.0717   1.7761  78.6068  15.1244  14.0079  13.9128  17.4944   1.9995  55.9418  46.2267   5.0779  33.4407
  19             21.9881   1.9999  90.3056  12.2518   7.1709  73.4651  15.0543    22.32    9.514  18.8868   2.0168  61.4949  41.3228    3.297   23.912
  20             12.1066   2.8461   58.655  13.4174  18.7618  65.9485  26.4496  18.9065  16.6573  34.0144   2.0434  66.4249   33.225   7.5593  27.9843
  21             13.5223   6.2946  16.4144  20.9308  31.9563  30.7237  13.3107  47.3169  21.4583  35.7206   5.7013  60.7779  47.9463  13.6114  39.3144
  22              8.4408   5.7196   4.9268  21.6948  33.2797  17.5357   10.936    56.23   26.994  52.9445  19.6985  23.3939  67.9532   27.938  27.3145
  23              8.4756   3.3197   2.7364   33.062  41.5617  17.7216   4.2433  64.1036  29.3414  50.4114  19.2722  23.5805  49.7117  39.0378  18.4212
  [total]       498.6504 623.9038 542.1461 645.0133 591.3737 730.8773 390.5323 566.0458 652.9974 653.8577 679.8471  888.791 885.8856 658.2839 708.7945
CO(GT)
  mean             0.103   0.0694   0.4343   0.1077    0.094   0.2643   0.2481   0.1663   0.1555    0.153   0.0721   0.2945   0.1707   0.0958   0.1754
  std. dev.       0.0335   0.0578     0.14   0.0467   0.0366   0.0613   0.0651   0.0298   0.0399   0.0447   0.0556   0.0902   0.0494   0.0388    0.027

PT08S1(CO)
  mean            0.2278   0.1328   0.6613    0.217   0.2324     0.48   0.5105   0.3532   0.2263   0.3372   0.1326    0.467   0.3368   0.2601   0.3303
  std. dev.       0.0532   0.0331   0.1039   0.0443   0.0438   0.0937   0.0614   0.0507   0.0599    0.062   0.0503     0.09   0.0595   0.0577    0.064

C6H6(GT)
  mean            0.1006   0.0422    0.457   0.0672   0.0959   0.2806   0.3074   0.1751   0.0861   0.1481   0.0226    0.238   0.1343   0.0664   0.1911
  std. dev.       0.0248   0.0123   0.0974   0.0192   0.0203   0.0503   0.0497   0.0319   0.0296   0.0144   0.0116   0.0532   0.0277   0.0227   0.0281

PT08S2(NMHC)
  mean            0.2445   0.1377   0.6238    0.188   0.2378    0.465   0.4919    0.348   0.2197   0.3054   0.0865   0.4174   0.2936   0.1856   0.3678
  std. dev.       0.0392    0.028   0.0769   0.0355   0.0327   0.0507   0.0484   0.0395   0.0501   0.0169   0.0346   0.0615   0.0379    0.042   0.0336

NOx(GT)
  mean            0.0572   0.0591   0.4118   0.1421   0.0583   0.1506   0.2479   0.1341   0.1658   0.1138   0.0721   0.3826   0.2224   0.0983    0.111
  std. dev.       0.0287   0.0584   0.1953   0.0334   0.0302   0.0365   0.0838   0.0556   0.0001    0.054   0.0506    0.126   0.0531   0.0465   0.0403

PT08S3(NOx)
  mean            0.2697   0.3538   0.0673   0.2463   0.2334   0.1564   0.0897   0.1555   0.2527   0.2293   0.4218   0.1191   0.1652   0.2886   0.2021
  std. dev.       0.0516   0.0526   0.0417   0.0335   0.0373   0.0318   0.0173   0.0254   0.0498    0.026   0.1141    0.056   0.0333   0.1035   0.0394

NO2(GT)
  mean            0.2266   0.1734   0.4866   0.3632   0.1938   0.3873   0.3211   0.2787   0.3287    0.296   0.2051   0.5093   0.4294   0.2537   0.3423
  std. dev.       0.0573    0.091   0.1284    0.066   0.0473   0.0715   0.0631   0.0589   0.0003   0.0624   0.0885   0.1252   0.1004   0.0577   0.0467

PT08S4(NO2)
  mean            0.3956   0.3568   0.6752   0.1736   0.4445   0.6069   0.5982   0.5067   0.3988    0.435   0.1782   0.4008   0.2868   0.3155   0.4944
  std. dev.       0.0657   0.0519   0.1355    0.034   0.0505   0.0612    0.061   0.0587   0.0518   0.0431   0.0821   0.0644   0.0623   0.0596   0.0504

PT08S5(O3)
  mean            0.1853   0.1578   0.7028   0.2579   0.2748   0.4953   0.5385    0.385   0.2439   0.3424    0.114   0.5425   0.3869   0.2616   0.3331
  std. dev.       0.0476   0.0485   0.1004    0.086   0.0547   0.0826   0.0648   0.0575    0.062   0.0455    0.061   0.1164   0.0771   0.0632   0.0671

T
  mean            0.6731   0.5003   0.4301   0.1991   0.5228   0.5467    0.531   0.5482   0.4986   0.4208   0.2403   0.3189   0.2877   0.3048   0.6921
  std. dev.       0.1529   0.1131   0.1494   0.0897    0.087   0.1604   0.0748   0.0907   0.1367    0.065   0.1029   0.1123   0.1171   0.0575   0.1344

RH
  mean            0.2216   0.5092   0.5642   0.4874   0.5656   0.3903   0.6114   0.5589   0.5593   0.5084   0.5262   0.5735   0.5521   0.7068   0.2121
  std. dev.       0.0933   0.1809   0.1831   0.1922   0.1558    0.189   0.1367   0.1531    0.201    0.118   0.1873   0.1979   0.2314   0.1289   0.0953

AH
  mean            0.4437   0.5055   0.4545   0.1443    0.613   0.4408   0.6719   0.6517   0.5434   0.3907   0.2101   0.3068   0.2583   0.3652   0.4406
  std. dev.       0.1841   0.1523   0.1717   0.0567   0.1462   0.1256   0.0849   0.1258   0.1462   0.0675   0.1158   0.1189   0.1268   0.0823   0.1352



Time taken to build model (full training data) : 939.05 seconds

=== Model and evaluation on training set ===

Clustered Instances

 0       474 (  5%)
 1       503 (  5%)
 2       513 (  5%)
 3       613 (  7%)
 4       571 (  6%)
 5       715 (  8%)
 6       366 (  4%)
 7       498 (  5%)
 8       919 ( 10%)
 9       570 (  6%)
10       650 (  7%)
11       862 (  9%)
12       864 (  9%)
13       589 (  6%)
14       650 (  7%)


Log likelihood: 9.82008

